Index,File,Nodes,Total Nodes,Butterflies,X-vars,C-vars,Total vars,Total constraints,Crossings,Opttime,Status,Nodes visited,Setup Time
0,north/g.10.72.graphml,10,12,0,8,7,27,16,0,0.00804591178894043,2,1,0.031
1,north/g.13.45.graphml,13,13,0,31,2,46,4,0,0.003014087677001953,2,0,0.002
2,north/g.10.11.graphml,10,10,0,15,0,25,0,0,0.0017330646514892578,2,0,0.001
3,Rome-Lib/graficon11nodi/grafo233.11,11,18,0,15,12,45,24,0,0.0018188953399658203,2,0,0.002
4,Rome-Lib/graficon12nodi/grafo2240.12,12,16,0,12,11,39,24,0,0.012099981307983398,2,1,0.002
5,Rome-Lib/graficon11nodi/grafo324.11,11,13,0,13,11,37,26,0,0.0017478466033935547,2,0,0.002
6,Rome-Lib/graficon11nodi/grafo1866.11,11,19,0,40,48,107,120,0,0.025709152221679688,2,1,0.006
7,Rome-Lib/graficon12nodi/grafo604.12,12,12,0,8,4,24,8,0,0.0017468929290771484,2,0,0.001
8,Rome-Lib/graficon16nodi/grafo418.16,16,19,0,40,38,97,86,0,0.016171932220458984,2,1,0.005
9,Rome-Lib/graficon15nodi/grafo2806.15,15,18,0,27,27,72,58,0,0.013921022415161133,2,1,0.003
10,Rome-Lib/graficon11nodi/grafo2384.11,11,15,0,9,5,29,10,0,0.0030939579010009766,2,0,0.003
11,Rome-Lib/graficon10nodi/grafo1010.10,10,12,0,17,14,43,28,0,0.003448009490966797,2,0,0.005
12,north/g.12.78.graphml,12,13,1,10,8,31,20,1,0.0033359527587890625,2,0,0.003
13,Rome-Lib/graficon12nodi/grafo1843.12,12,14,1,12,13,39,32,2,0.0030710697174072266,2,0,0.004
14,north/g.11.21.graphml,11,11,0,36,0,47,0,0,0.004890918731689453,2,0,0.004
15,north/g.12.49.graphml,12,14,0,13,10,37,20,0,0.0039958953857421875,2,0,0.003
16,north/g.14.31.graphml,14,17,0,14,8,39,16,0,0.004542112350463867,2,0,0.004
17,Rome-Lib/graficon11nodi/grafo1061.11,11,13,0,16,17,46,36,1,0.004179954528808594,2,1,0.004
18,Rome-Lib/graficon14nodi/grafo777.14,14,17,0,16,13,46,26,0,0.0029850006103515625,2,0,0.003
19,north/g.15.14.graphml,15,18,0,31,23,72,46,0,0.005486011505126953,2,0,0.007
20,Rome-Lib/graficon15nodi/grafo1971.15,15,19,0,38,47,104,100,1,0.02024698257446289,2,1,0.011
21,Rome-Lib/graficon11nodi/grafo1912.11,11,16,1,33,40,89,98,3,0.020847082138061523,2,1,0.008
22,Rome-Lib/graficon13nodi/grafo361.13,13,19,0,37,43,99,94,0,0.016633033752441406,2,1,0.007
23,north/g.11.3.graphml,11,11,0,7,5,23,10,0,0.0015599727630615234,2,0,0.001
24,Rome-Lib/graficon16nodi/grafo2241.16,16,17,0,34,56,107,154,5,0.006844043731689453,2,1,0.008
25,north/g.10.13.graphml,10,10,0,8,7,25,16,0,0.0014221668243408203,2,0,0.001
26,Rome-Lib/graficon17nodi/grafo816.17,17,17,1,14,13,44,30,1,0.0018849372863769531,2,0,0.002
27,Rome-Lib/graficon12nodi/grafo888.12,12,14,0,23,19,56,42,0,0.013365030288696289,2,1,0.003
28,north/g.11.73.graphml,11,14,0,9,6,29,14,0,0.00186920166015625,2,0,0.001
29,Rome-Lib/graficon10nodi/grafo2111.10,10,16,1,25,28,69,66,2,0.0190579891204834,2,1,0.008
30,Rome-Lib/graficon11nodi/grafo685.11,11,13,0,19,15,47,30,0,0.0032241344451904297,2,0,0.004
31,Rome-Lib/graficon11nodi/grafo2433.11,11,13,0,8,7,28,14,0,0.0018148422241210938,2,0,0.002
32,Rome-Lib/graficon12nodi/grafo756.12,12,12,0,5,2,19,4,0,0.0008358955383300781,2,0,0.001
33,Rome-Lib/graficon16nodi/grafo366.16,16,17,0,24,22,63,54,0,0.003253936767578125,2,0,0.004
34,Rome-Lib/graficon12nodi/grafo666.12,12,17,0,24,26,67,52,1,0.015377998352050781,2,1,0.004
35,Rome-Lib/graficon15nodi/grafo780.15,15,19,0,35,37,91,88,0,0.0036640167236328125,2,0,0.005
36,north/g.15.11.graphml,15,19,0,17,7,43,14,0,0.00215911865234375,2,0,0.002
37,Rome-Lib/graficon15nodi/grafo965.15,15,17,0,23,20,60,44,1,0.002933979034423828,2,0,0.003
38,Rome-Lib/graficon10nodi/grafo466.10,10,12,0,9,7,28,14,0,0.001550912857055664,2,0,0.001
39,Rome-Lib/graficon11nodi/grafo2964.11,11,19,0,18,11,48,22,0,0.0023310184478759766,2,0,0.002
40,north/g.14.16.graphml,14,14,0,30,20,64,52,0,0.0025959014892578125,2,0,0.003
41,Rome-Lib/graficon11nodi/grafo2139.11,11,15,3,24,32,71,85,4,0.0025870800018310547,2,0,0.004
42,Rome-Lib/graficon11nodi/grafo3097.11,11,14,0,10,7,31,14,0,0.0015151500701904297,2,0,0.001
43,north/g.12.121.graphml,12,15,9,20,37,72,117,12,0.002892017364501953,2,1,0.004
44,north/g.12.45.graphml,12,14,0,18,14,46,28,0,0.012656927108764648,2,1,0.002
45,north/g.18.34.graphml,18,19,0,28,6,53,12,0,0.0026040077209472656,2,0,0.002
46,Rome-Lib/graficon14nodi/grafo285.14,14,18,1,31,35,84,80,1,0.01385498046875,2,1,0.004
47,north/g.16.55.graphml,16,16,1,49,6,71,16,1,0.0031931400299072266,2,0,0.003
48,north/g.10.74.graphml,10,12,0,14,14,40,30,1,0.013181924819946289,2,1,0.002
49,Rome-Lib/graficon13nodi/grafo530.13,13,14,0,22,22,58,46,0,0.004251956939697266,2,0,0.006
50,Rome-Lib/graficon20nodi/grafo755.20,20,28,0,61,62,151,130,2,0.05383014678955078,2,1,0.015
51,Rome-Lib/graficon17nodi/grafo1794.17,17,22,0,53,50,125,114,0,0.010682106018066406,2,1,0.014
52,north/g.14.38.graphml,14,26,6,36,52,114,136,6,0.006181955337524414,2,1,0.01
53,Rome-Lib/graficon14nodi/grafo1039.14,14,27,0,78,98,203,230,1,0.011893987655639648,2,1,0.015
54,Rome-Lib/graficon17nodi/grafo723.17,17,21,0,35,35,91,80,0,0.020682096481323242,2,1,0.009
55,Rome-Lib/graficon15nodi/grafo2169.15,15,24,0,65,72,161,158,1,0.010535001754760742,2,1,0.013
56,Rome-Lib/graficon15nodi/grafo2903.15,15,20,0,35,31,86,64,1,0.022302865982055664,2,1,0.008
57,Rome-Lib/graficon15nodi/grafo2225.15,15,23,0,27,26,76,54,0,0.01678609848022461,2,1,0.006
58,Rome-Lib/graficon16nodi/grafo2467.16,16,25,0,47,39,111,80,0,0.018696069717407227,2,1,0.007
59,Rome-Lib/graficon21nodi/grafo1049.21,21,29,0,39,33,101,68,0,0.015841960906982422,2,1,0.005
60,Rome-Lib/graficon13nodi/grafo443.13,13,20,0,34,40,94,84,2,0.008435964584350586,2,1,0.009
61,Rome-Lib/graficon14nodi/grafo1662.14,14,24,0,48,64,136,164,2,0.010007858276367188,2,1,0.013
62,Rome-Lib/graficon25nodi/grafo1203.25,25,29,0,50,33,112,68,0,0.0058498382568359375,2,0,0.007
63,Rome-Lib/graficon15nodi/grafo2928.15,15,22,0,31,32,85,70,1,0.005460977554321289,2,0,0.008
64,Rome-Lib/graficon11nodi/grafo2136.11,11,25,0,39,42,106,88,2,0.0078008174896240234,2,1,0.008
65,Rome-Lib/graficon18nodi/grafo1864.18,18,22,0,34,33,89,76,0,0.005522966384887695,2,0,0.008
66,Rome-Lib/graficon15nodi/grafo2219.15,15,25,1,64,75,164,172,2,0.009862899780273438,2,0,0.017
67,Rome-Lib/graficon17nodi/grafo1046.17,17,29,0,81,86,196,188,1,0.06076407432556152,2,1,0.015
68,Rome-Lib/graficon11nodi/grafo1822.11,11,24,0,59,72,155,164,1,0.026510953903198242,2,1,0.008
69,north/g.19.12.graphml,19,23,1,40,22,85,52,1,0.003461122512817383,2,0,0.004
70,north/g.10.79.graphml,10,26,0,42,49,117,100,2,0.0285341739654541,2,1,0.01
71,Rome-Lib/graficon25nodi/grafo2977.25,25,29,1,48,37,114,80,1,0.03180503845214844,2,1,0.007
72,Rome-Lib/graficon23nodi/grafo1892.23,23,29,0,39,33,101,70,0,0.007890939712524414,2,1,0.009
73,north/g.18.0.graphml,18,22,1,67,45,134,116,2,0.010566949844360352,2,1,0.012
74,Rome-Lib/graficon21nodi/grafo1762.21,21,25,1,90,140,255,364,6,0.017629146575927734,2,1,0.021
75,Rome-Lib/graficon20nodi/grafo2611.20,20,23,0,21,18,62,36,0,0.0027480125427246094,2,0,0.003
76,north/g.18.28.graphml,18,25,0,47,36,108,72,0,0.004411935806274414,2,1,0.005
77,Rome-Lib/graficon13nodi/grafo388.13,13,20,0,30,37,87,88,1,0.02035689353942871,2,1,0.009
78,Rome-Lib/graficon19nodi/grafo794.19,19,22,0,28,28,78,66,1,0.01610398292541504,2,1,0.006
79,north/g.10.91.graphml,10,25,0,48,30,103,60,0,0.004743099212646484,2,0,0.006
80,Rome-Lib/graficon12nodi/grafo1750.12,12,26,0,58,68,152,156,3,0.05377602577209473,2,1,0.015
81,Rome-Lib/graficon20nodi/grafo3052.20,20,25,0,58,70,153,160,2,0.013042926788330078,2,1,0.016
82,Rome-Lib/graficon17nodi/grafo971.17,17,25,0,60,71,156,166,0,0.029690980911254883,2,1,0.02
83,Rome-Lib/graficon15nodi/grafo2626.15,15,25,1,45,71,141,188,3,0.025635957717895508,2,1,0.016
84,Rome-Lib/graficon16nodi/grafo754.16,16,24,1,57,58,139,132,2,0.010462045669555664,2,1,0.014
85,Rome-Lib/graficon23nodi/grafo188.23,23,27,0,42,42,111,94,0,0.007719993591308594,2,1,0.009
86,north/g.21.40.graphml,21,26,0,38,21,85,42,0,0.005565166473388672,2,0,0.005
87,Rome-Lib/graficon20nodi/grafo875.20,20,29,0,38,21,88,42,0,0.004601955413818359,2,0,0.005
88,Rome-Lib/graficon15nodi/grafo2574.15,15,25,0,38,34,97,70,1,0.007894039154052734,2,1,0.009
89,Rome-Lib/graficon15nodi/grafo2264.15,15,24,0,29,26,79,56,0,0.004729032516479492,2,0,0.006
90,Rome-Lib/graficon18nodi/grafo599.18,18,20,0,20,13,53,26,0,0.002825021743774414,2,0,0.003
91,Rome-Lib/graficon18nodi/grafo2553.18,18,20,0,30,28,78,64,0,0.0037698745727539062,2,0,0.005
92,Rome-Lib/graficon17nodi/grafo2245.17,17,24,0,48,50,122,116,0,0.006186962127685547,2,1,0.008
93,Rome-Lib/graficon17nodi/grafo293.17,17,23,0,68,55,146,126,0,0.006735086441040039,2,1,0.008
94,north/g.13.96.graphml,13,20,0,10,7,37,14,0,0.0025670528411865234,2,0,0.003
95,north/g.27.11.graphml,27,27,0,325,0,352,0,0,0.020500898361206055,2,0,0.13
96,north/g.22.27.graphml,22,23,0,43,19,85,44,0,0.003877878189086914,2,1,0.003
97,Rome-Lib/graficon15nodi/grafo1695.15,15,20,0,25,22,67,46,0,0.0036880970001220703,2,0,0.005
98,Rome-Lib/graficon26nodi/grafo1397.26,26,29,0,87,69,185,160,0,0.0110931396484375,2,1,0.012
99,Rome-Lib/graficon25nodi/grafo2060.25,25,28,0,46,32,106,68,0,0.0051381587982177734,2,1,0.005
100,Rome-Lib/graficon25nodi/grafo2201.25,25,32,0,97,119,248,280,1,0.031355857849121094,2,1,0.013
101,Rome-Lib/graficon20nodi/grafo1764.20,20,37,0,75,81,193,166,2,0.02201700210571289,2,1,0.009
102,Rome-Lib/graficon15nodi/grafo295.15,15,33,0,70,83,186,190,2,0.007283926010131836,2,1,0.009
103,Rome-Lib/graficon21nodi/grafo1863.21,21,35,0,108,112,255,226,4,0.04902195930480957,2,1,0.011
104,Rome-Lib/graficon15nodi/grafo2414.15,15,30,1,95,115,240,266,5,0.02071404457092285,2,1,0.025
105,Rome-Lib/graficon20nodi/grafo873.20,20,31,0,104,121,256,280,2,0.036813974380493164,2,1,0.019
106,Rome-Lib/graficon19nodi/grafo1011.19,19,36,0,92,79,207,172,0,0.008262872695922852,2,1,0.009
107,Rome-Lib/graficon25nodi/grafo2837.25,25,32,0,66,69,167,150,0,0.0063822269439697266,2,1,0.008
108,Rome-Lib/graficon20nodi/grafo1673.20,20,32,0,45,37,114,74,0,0.016427993774414062,2,1,0.005
109,Rome-Lib/graficon20nodi/grafo1733.20,20,30,0,100,126,256,292,3,0.06852293014526367,2,1,0.013
110,north/g.14.27.graphml,14,37,0,97,122,256,264,6,0.07528018951416016,2,1,0.012
111,north/g.23.100.graphml,23,34,0,83,109,226,250,3,0.009763002395629883,2,1,0.011
112,Rome-Lib/graficon25nodi/grafo1338.25,25,34,0,92,93,219,218,0,0.014823198318481445,2,1,0.02
113,Rome-Lib/graficon21nodi/grafo2814.21,21,32,0,32,29,93,58,0,0.019731998443603516,2,1,0.008
114,Rome-Lib/graficon20nodi/grafo121.20,20,34,0,79,67,180,134,1,0.012634992599487305,2,1,0.016
115,Rome-Lib/graficon26nodi/grafo2992.26,26,34,0,91,91,216,208,1,0.055008888244628906,2,1,0.016
116,north/g.30.20.graphml,30,38,0,59,75,172,176,5,0.051332950592041016,2,1,0.008
117,Rome-Lib/graficon24nodi/grafo2185.24,24,32,0,87,100,219,234,0,0.01630401611328125,2,1,0.02
118,north/g.28.9.graphml,28,35,0,80,19,134,38,0,0.021856069564819336,2,0,0.007
119,Rome-Lib/graficon21nodi/grafo1645.21,21,30,0,85,78,193,164,0,0.025648117065429688,2,1,0.011
120,north/g.13.78.graphml,13,30,0,45,46,121,98,0,0.009072065353393555,2,1,0.011
121,Rome-Lib/graficon28nodi/grafo1646.28,28,37,0,66,72,175,164,2,0.024055957794189453,2,1,0.017
122,north/g.22.66.graphml,22,31,0,75,81,187,172,1,0.02822422981262207,2,1,0.013
123,Rome-Lib/graficon21nodi/grafo2637.21,21,39,0,54,59,152,132,2,0.018867969512939453,2,1,0.008
124,Rome-Lib/graficon26nodi/grafo2696.26,26,32,3,132,158,322,374,8,0.015046834945678711,2,1,0.017
125,Rome-Lib/graficon25nodi/grafo1959.25,25,39,0,108,108,255,226,0,0.010370016098022461,2,1,0.012
126,north/g.21.9.graphml,21,39,0,55,54,148,110,0,0.005487918853759766,2,1,0.006
127,Rome-Lib/graficon21nodi/grafo1896.21,21,31,0,50,47,128,100,1,0.005057096481323242,2,1,0.006
128,Rome-Lib/graficon26nodi/grafo1230.26,26,30,0,64,73,167,162,2,0.007163047790527344,2,1,0.008
129,Rome-Lib/graficon25nodi/grafo2140.25,25,32,0,35,32,99,70,0,0.013260126113891602,2,0,0.004
130,Rome-Lib/graficon25nodi/grafo1594.25,25,35,0,85,65,185,142,0,0.0075969696044921875,2,1,0.008
131,Rome-Lib/graficon27nodi/grafo620.27,27,31,0,47,44,122,88,0,0.004382133483886719,2,1,0.005
132,Rome-Lib/graficon15nodi/grafo187.15,15,32,0,50,48,130,96,0,0.016178131103515625,2,1,0.006
133,Rome-Lib/graficon24nodi/grafo2508.24,24,38,0,54,52,144,108,0,0.01674795150756836,2,1,0.006
134,Rome-Lib/graficon20nodi/grafo251.20,20,36,0,85,80,201,164,1,0.008517026901245117,2,1,0.009
135,Rome-Lib/graficon23nodi/grafo2364.23,23,30,0,58,42,130,86,0,0.004251956939697266,2,0,0.005
136,Rome-Lib/graficon26nodi/grafo1269.26,26,31,0,113,100,244,234,0,0.026793956756591797,2,1,0.012
137,north/g.30.23.graphml,30,36,0,59,75,170,176,5,0.06542301177978516,2,1,0.008
138,Rome-Lib/graficon24nodi/grafo872.24,24,37,1,80,88,205,208,3,0.008852958679199219,2,1,0.01
139,north/g.23.75.graphml,23,31,0,97,53,181,112,0,0.008468151092529297,2,1,0.008
140,Rome-Lib/graficon23nodi/grafo2200.23,23,38,0,108,119,265,258,2,0.012187004089355469,2,1,0.012
141,Rome-Lib/graficon28nodi/grafo1194.28,28,33,0,66,50,149,100,0,0.00589299201965332,2,1,0.006
142,Rome-Lib/graficon33nodi/grafo9903.33,33,39,0,102,127,268,276,2,0.011293888092041016,2,1,0.013
143,Rome-Lib/graficon24nodi/grafo2517.24,24,36,0,71,79,186,176,2,0.05123496055603027,2,1,0.009
144,Rome-Lib/graficon25nodi/grafo2937.25,25,36,0,103,108,247,224,2,0.012431144714355469,2,1,0.011
145,north/g.20.37.graphml,20,30,0,47,28,105,56,0,0.00415492057800293,2,0,0.004
146,Rome-Lib/graficon19nodi/grafo2113.19,19,39,0,106,125,270,266,2,0.056036949157714844,2,1,0.013
147,Rome-Lib/graficon25nodi/grafo3078.25,25,34,0,84,106,224,264,4,0.010399818420410156,2,1,0.012
148,Rome-Lib/graficon23nodi/grafo2739.23,23,31,0,78,92,201,228,3,0.009554147720336914,2,1,0.01
149,Rome-Lib/graficon29nodi/grafo1385.29,29,38,0,173,192,403,444,3,0.023974895477294922,2,1,0.02
150,Rome-Lib/graficon38nodi/grafo5314.38,38,43,0,134,172,349,372,5,0.020121097564697266,2,1,0.017
151,north/g.25.46.graphml,25,41,1,108,70,219,152,1,0.008733034133911133,2,1,0.009
152,Rome-Lib/graficon22nodi/grafo2524.22,22,40,0,103,103,246,218,0,0.009887933731079102,2,1,0.011
153,north/g.28.5.graphml,28,42,0,158,172,372,344,9,0.25809311866760254,2,1,0.017
154,north/g.31.4.graphml,31,46,0,154,161,361,350,3,0.015980005264282227,2,1,0.017
155,Rome-Lib/graficon26nodi/grafo2981.26,26,45,1,167,219,431,506,10,0.023768186569213867,2,1,0.022
156,Rome-Lib/graficon28nodi/grafo1600.28,28,49,0,186,239,474,508,12,0.16472601890563965,2,1,0.023
157,north/g.32.5.graphml,32,40,0,9,4,53,10,0,0.0014109611511230469,2,0,0.001
158,Rome-Lib/graficon18nodi/grafo449.18,18,45,0,95,94,234,194,1,0.008518218994140625,2,1,0.01
159,Rome-Lib/graficon28nodi/grafo1399.28,28,41,0,149,138,328,310,2,0.08658480644226074,2,1,0.031
160,Rome-Lib/graficon32nodi/grafo5244.32,32,42,0,86,96,224,216,0,0.022110939025878906,2,1,0.01
161,Rome-Lib/graficon27nodi/grafo1320.27,27,49,0,227,259,535,600,2,0.04986214637756348,2,1,0.026
162,Rome-Lib/graficon34nodi/grafo2363.34,34,48,0,157,210,415,482,3,0.019989967346191406,2,1,0.021
163,Rome-Lib/graficon30nodi/grafo1322.30,30,46,0,235,258,539,562,0,0.05464315414428711,2,1,0.026
164,north/g.43.24.graphml,43,43,0,460,180,683,360,0,0.09061288833618164,2,1,0.028
165,Rome-Lib/graficon33nodi/grafo5994.33,33,42,0,107,107,256,228,0,0.017410993576049805,2,1,0.023
166,Rome-Lib/graficon29nodi/grafo1209.29,29,40,0,107,112,259,248,0,0.04017305374145508,2,1,0.024
167,Rome-Lib/graficon21nodi/grafo2361.21,21,41,0,106,133,280,288,3,0.021442174911499023,2,1,0.028
168,north/g.35.24.graphml,35,42,0,133,47,222,100,0,0.038572072982788086,2,1,0.018
169,Rome-Lib/graficon27nodi/grafo2840.27,27,45,1,158,179,382,367,4,0.0907130241394043,2,1,0.027
170,Rome-Lib/graficon40nodi/grafo3893.40,40,49,0,123,134,306,302,3,0.015173196792602539,2,1,0.014
171,north/g.23.1.graphml,23,41,0,133,119,293,264,0,0.012576103210449219,2,1,0.013
172,Rome-Lib/graficon28nodi/grafo1239.28,28,43,0,97,82,222,166,1,0.010205984115600586,2,1,0.009
173,Rome-Lib/graficon33nodi/grafo1436.33,33,47,0,179,193,419,428,2,0.037210941314697266,2,1,0.02
174,Rome-Lib/graficon34nodi/grafo11544.34,34,43,0,44,28,115,56,0,0.01395416259765625,2,0,0.004
175,Rome-Lib/graficon38nodi/grafo3828.38,38,46,0,191,198,435,434,1,0.09663701057434082,2,1,0.021
176,north/g.40.0.graphml,40,40,0,568,42,650,84,0,0.10464596748352051,2,1,0.028
177,Rome-Lib/graficon34nodi/grafo11542.34,34,42,0,148,199,389,474,8,0.11769485473632812,2,1,0.036
178,Rome-Lib/graficon23nodi/grafo2712.23,23,40,0,105,132,277,300,1,0.042443037033081055,2,1,0.027
179,Rome-Lib/graficon22nodi/grafo1503.22,22,44,0,90,93,227,188,0,0.02383899688720703,2,1,0.014
180,Rome-Lib/graficon32nodi/grafo1379.32,32,48,0,179,197,424,446,3,0.03192400932312012,2,1,0.039
181,Rome-Lib/graficon33nodi/grafo1329.33,33,46,1,171,177,394,394,2,0.07534193992614746,2,1,0.024
182,north/g.31.34.graphml,31,48,1,130,164,342,406,17,0.09355401992797852,2,1,0.033
183,Rome-Lib/graficon25nodi/grafo2323.25,25,43,0,78,81,202,172,1,0.03916001319885254,2,1,0.009
184,north/g.28.16.graphml,28,45,0,87,79,211,176,0,0.015060901641845703,2,1,0.019
185,Rome-Lib/graficon22nodi/grafo2193.22,22,45,0,189,206,440,436,5,0.055145978927612305,2,1,0.041
186,Rome-Lib/graficon31nodi/grafo1301.31,31,47,0,190,250,487,560,7,0.14969801902770996,2,1,0.045
187,Rome-Lib/graficon29nodi/grafo1352.29,29,40,0,85,76,201,172,2,0.015630006790161133,2,1,0.016
188,Rome-Lib/graficon32nodi/grafo1226.32,32,43,0,110,99,252,204,1,0.01897597312927246,2,1,0.023
189,Rome-Lib/graficon34nodi/grafo11570.34,34,45,0,125,139,309,294,1,0.05895495414733887,2,1,0.022
190,Rome-Lib/graficon23nodi/grafo2789.23,23,49,0,118,133,300,276,2,0.015552043914794922,2,1,0.013
191,Rome-Lib/graficon27nodi/grafo1199.27,27,40,0,47,37,124,74,0,0.02187514305114746,2,1,0.01
192,Rome-Lib/graficon24nodi/grafo1505.24,24,43,0,81,72,196,154,0,0.013538837432861328,2,1,0.017
193,Rome-Lib/graficon23nodi/grafo1444.23,23,43,0,87,88,218,182,1,0.014891862869262695,2,1,0.019
194,Rome-Lib/graficon39nodi/grafo672.39,39,46,0,116,98,260,202,1,0.08118200302124023,2,1,0.022
195,Rome-Lib/graficon28nodi/grafo1817.28,28,49,0,119,124,292,262,2,0.023231029510498047,2,1,0.027
196,Rome-Lib/graficon35nodi/grafo3847.35,35,45,0,102,90,237,188,1,0.013050079345703125,2,1,0.015
197,Rome-Lib/graficon33nodi/grafo2962.33,33,40,0,149,179,368,428,4,0.03865194320678711,2,1,0.024
198,Rome-Lib/graficon23nodi/grafo2724.23,23,46,0,188,208,442,452,1,0.0272979736328125,2,1,0.021
199,Rome-Lib/graficon32nodi/grafo10026.32,32,46,0,102,112,260,226,1,0.039147138595581055,2,1,0.024
200,Rome-Lib/graficon23nodi/grafo1974.23,23,54,0,145,134,333,280,1,0.03776717185974121,2,1,0.02
201,north/g.35.26.graphml,35,53,1,174,179,406,376,8,0.10066413879394531,2,1,0.033
202,Rome-Lib/graficon38nodi/grafo9886.38,38,53,0,145,160,358,346,0,0.017428874969482422,2,1,0.022
203,Rome-Lib/graficon39nodi/grafo6808.39,39,51,1,200,247,498,537,6,0.03095102310180664,2,1,0.024
204,Rome-Lib/graficon32nodi/grafo3012.32,32,54,0,243,259,556,570,3,0.03531193733215332,2,1,0.027
205,Rome-Lib/graficon40nodi/grafo3874.40,40,50,0,241,278,569,598,4,0.04789304733276367,2,1,0.028
206,Rome-Lib/graficon35nodi/grafo11171.35,35,59,0,148,159,366,340,2,0.0930941104888916,2,1,0.017
207,north/g.12.126.graphml,12,57,0,165,156,378,312,0,0.010066986083984375,2,0,0.016
208,Rome-Lib/graficon35nodi/grafo2004.35,35,52,0,140,156,348,356,0,0.03749799728393555,2,1,0.016
209,north/g.22.62.graphml,22,52,1,276,372,700,860,14,0.0624539852142334,2,1,0.036
210,north/g.52.4.graphml,52,58,0,259,58,375,122,0,0.018122196197509766,2,0,0.014
211,Rome-Lib/graficon40nodi/grafo4019.40,40,54,0,198,214,466,470,0,0.0221099853515625,2,1,0.022
212,Rome-Lib/graficon37nodi/grafo6356.37,37,50,0,201,229,480,510,1,0.0249021053314209,2,1,0.023
213,Rome-Lib/graficon33nodi/grafo9951.33,33,50,0,122,132,304,278,2,0.02960991859436035,2,1,0.014
214,Rome-Lib/graficon28nodi/grafo243.28,28,57,0,145,158,360,324,1,0.014219045639038086,2,1,0.016
215,Rome-Lib/graficon35nodi/grafo11415.35,35,52,0,178,216,446,474,5,0.04555201530456543,2,1,0.021
216,Rome-Lib/graficon35nodi/grafo3045.35,35,58,0,248,265,571,560,1,0.0497589111328125,2,1,0.026
217,Rome-Lib/graficon34nodi/grafo10233.34,34,54,0,215,259,528,542,4,0.04741382598876953,2,1,0.025
218,Rome-Lib/graficon34nodi/grafo9882.34,34,50,0,154,153,357,322,0,0.014738082885742188,2,1,0.016
219,Rome-Lib/graficon42nodi/grafo3738.42,42,56,0,133,130,319,276,1,0.07222199440002441,2,1,0.014
220,Rome-Lib/graficon39nodi/grafo6752.39,39,59,0,307,403,769,900,19,0.6474220752716064,2,1,0.038
221,Rome-Lib/graficon34nodi/grafo5498.34,34,54,0,195,228,477,480,4,0.12204194068908691,2,1,0.022
222,Rome-Lib/graficon22nodi/grafo1819.22,22,50,1,235,352,637,892,13,0.05919504165649414,2,1,0.035
223,Rome-Lib/graficon36nodi/grafo11598.36,36,53,1,213,274,540,602,10,0.1506650447845459,2,1,0.048
224,Rome-Lib/graficon40nodi/grafo6861.40,40,58,0,277,368,703,832,13,0.2772700786590576,2,1,0.035
225,Rome-Lib/graficon35nodi/grafo11464.35,35,56,1,286,417,759,961,20,0.38993310928344727,2,1,0.07
226,Rome-Lib/graficon34nodi/grafo5802.34,34,59,0,240,260,559,560,2,0.051651954650878906,2,1,0.026
227,Rome-Lib/graficon38nodi/grafo2543.38,38,53,0,174,192,419,430,1,0.019387006759643555,2,1,0.02
228,Rome-Lib/graficon34nodi/grafo9883.34,34,56,0,192,225,473,484,2,0.027246952056884766,2,1,0.022
229,Rome-Lib/graficon37nodi/grafo11515.37,37,57,0,243,292,592,630,7,0.24133610725402832,2,1,0.029
230,Rome-Lib/graficon32nodi/grafo10185.32,32,56,0,134,156,346,346,2,0.026516199111938477,2,1,0.032
231,Rome-Lib/graficon32nodi/grafo1784.32,32,52,0,92,89,233,186,3,0.04219698905944824,2,1,0.013
232,Rome-Lib/graficon34nodi/grafo2102.34,34,55,0,227,268,550,562,2,0.06238102912902832,2,1,0.048
233,Rome-Lib/graficon32nodi/grafo11202.32,32,55,0,140,158,353,326,1,0.03984498977661133,2,1,0.031
234,Rome-Lib/graficon30nodi/grafo186.30,30,54,0,142,159,355,336,0,0.04102897644042969,2,1,0.021
235,Rome-Lib/graficon37nodi/grafo6340.37,37,59,0,186,238,483,516,4,0.02379894256591797,2,1,0.024
236,Rome-Lib/graficon26nodi/grafo1759.26,26,50,0,216,272,538,598,8,0.06232404708862305,2,1,0.049
237,Rome-Lib/graficon39nodi/grafo5122.39,39,59,0,310,417,786,920,15,0.3376040458679199,2,1,0.04
238,Rome-Lib/graficon36nodi/grafo11539.36,36,55,0,149,160,364,350,2,0.10143399238586426,2,1,0.017
239,Rome-Lib/graficon36nodi/grafo2822.36,36,58,0,238,298,594,656,4,0.0689229965209961,2,1,0.053
240,Rome-Lib/graficon43nodi/grafo7229.43,43,58,2,204,254,516,614,4,0.029996871948242188,2,1,0.026
241,Rome-Lib/graficon37nodi/grafo7233.37,37,51,0,195,299,545,702,11,0.22231602668762207,2,1,0.029
242,Rome-Lib/graficon39nodi/grafo2836.39,39,52,0,200,217,469,482,2,0.15402913093566895,2,1,0.041
243,Rome-Lib/graficon37nodi/grafo5301.37,37,58,0,225,276,559,606,3,0.04626917839050293,2,1,0.051
244,Rome-Lib/graficon39nodi/grafo7699.39,39,57,1,232,289,578,655,12,0.27933502197265625,2,1,0.053
245,north/g.58.7.graphml,58,58,0,1059,582,1699,1164,0,0.11748504638671875,2,1,0.113
246,Rome-Lib/graficon35nodi/grafo11654.35,35,55,1,272,390,717,909,19,0.36725401878356934,2,1,0.063
247,Rome-Lib/graficon34nodi/grafo5321.34,34,54,0,130,153,337,326,6,0.13636016845703125,2,1,0.032
248,Rome-Lib/graficon35nodi/grafo5613.35,35,57,1,238,312,607,696,11,0.15998387336730957,2,1,0.03
249,Rome-Lib/graficon31nodi/grafo1989.31,31,54,0,139,130,323,270,0,0.014607906341552734,2,1,0.014
250,Rome-Lib/graficon36nodi/grafo6006.36,36,62,0,225,277,564,598,7,0.03155994415283203,2,1,0.027
251,Rome-Lib/graficon34nodi/grafo5947.34,34,63,0,256,291,610,640,3,0.05466723442077637,2,1,0.029
252,Rome-Lib/graficon37nodi/grafo7243.37,37,63,0,251,295,609,622,8,0.20728611946105957,2,1,0.029
253,Rome-Lib/graficon44nodi/grafo5932.44,44,66,0,264,299,629,654,1,0.029670000076293945,2,1,0.03
254,Rome-Lib/graficon27nodi/grafo2915.27,27,62,0,217,236,515,488,6,0.08728694915771484,2,1,0.024
255,Rome-Lib/graficon37nodi/grafo2398.37,37,64,0,261,325,650,702,10,0.21987199783325195,2,1,0.031
256,Rome-Lib/graficon40nodi/grafo7269.40,40,66,0,349,420,835,886,10,0.5712909698486328,2,1,0.132
257,Rome-Lib/graficon39nodi/grafo10844.39,39,66,0,248,291,605,640,8,0.16217708587646484,2,1,0.028
258,Rome-Lib/graficon35nodi/grafo3347.35,35,69,0,352,455,876,950,18,0.3063211441040039,2,1,0.042
259,Rome-Lib/graficon39nodi/grafo7267.39,39,66,0,185,211,462,466,2,0.022047042846679688,2,1,0.021
260,Rome-Lib/graficon41nodi/grafo6853.41,41,61,0,248,313,622,680,14,0.4833049774169922,2,1,0.03
261,north/g.33.0.graphml,33,66,0,342,428,836,954,7,0.07411718368530273,2,1,0.042
262,Rome-Lib/graficon37nodi/grafo5891.37,37,62,0,205,208,475,426,1,0.022344112396240234,2,1,0.021
263,Rome-Lib/graficon37nodi/grafo11541.37,37,65,0,292,392,749,850,15,0.273953914642334,2,1,0.037
264,Rome-Lib/graficon36nodi/grafo11385.36,36,64,1,308,401,773,845,15,0.3847489356994629,2,1,0.038
265,north/g.30.1.graphml,30,69,0,330,389,788,882,4,0.06821107864379883,2,1,0.039
266,Rome-Lib/graficon21nodi/grafo2831.21,21,61,0,260,320,641,664,11,0.1383061408996582,2,1,0.03
267,north/g.64.18.graphml,64,64,0,430,3960,4454,12952,926,60.051400899887085,9,1,0.376
268,Rome-Lib/graficon42nodi/grafo7212.42,42,68,0,205,254,527,566,10,0.0288999080657959,2,1,0.025
269,Rome-Lib/graficon40nodi/grafo3987.40,40,68,0,306,440,814,1000,18,0.3552069664001465,2,1,0.042
270,Rome-Lib/graficon44nodi/grafo1219.44,44,66,0,173,170,409,356,0,0.02461409568786621,2,1,0.035
271,Rome-Lib/graficon37nodi/grafo3320.37,37,62,0,201,226,489,484,1,0.02994680404663086,2,1,0.035
272,Rome-Lib/graficon37nodi/grafo3395.37,37,69,0,387,510,966,1074,18,0.44772791862487793,2,1,0.048
273,Rome-Lib/graficon33nodi/grafo11527.33,33,62,0,205,213,480,446,3,0.025195837020874023,2,1,0.021
274,Rome-Lib/graficon33nodi/grafo10454.33,33,61,0,202,225,488,466,3,0.08072710037231445,2,1,0.022
275,Rome-Lib/graficon38nodi/grafo5952.38,38,60,0,298,378,736,834,7,0.24583888053894043,2,1,0.036
276,Rome-Lib/graficon43nodi/grafo3809.43,43,64,0,273,289,626,620,3,0.06244492530822754,2,1,0.151
277,Rome-Lib/graficon35nodi/grafo5448.35,35,64,1,197,244,505,532,5,0.028725862503051758,2,1,0.024
278,north/g.32.14.graphml,32,62,0,268,281,611,572,0,0.04670596122741699,2,1,0.036
279,Rome-Lib/graficon38nodi/grafo6069.38,38,60,0,188,221,469,496,3,0.11963486671447754,2,1,0.042
280,Rome-Lib/graficon43nodi/grafo3152.43,43,66,0,291,337,694,696,7,0.22986507415771484,2,1,0.045
281,Rome-Lib/graficon44nodi/grafo3419.44,44,66,0,230,252,548,548,3,0.18413901329040527,2,1,0.025
282,north/g.44.0.graphml,44,61,0,410,382,853,830,5,0.07706713676452637,2,1,0.041
283,Rome-Lib/graficon38nodi/grafo2548.38,38,62,0,275,304,641,614,8,0.211838960647583,2,1,0.029
284,Rome-Lib/graficon36nodi/grafo3734.36,36,67,0,344,373,784,776,6,0.1808929443359375,2,1,0.037
285,Rome-Lib/graficon39nodi/grafo7344.39,39,64,1,235,294,593,630,10,0.21951794624328613,2,1,0.028
286,Rome-Lib/graficon43nodi/grafo3669.43,43,67,0,391,463,921,1044,6,0.3065810203552246,2,1,0.047
287,Rome-Lib/graficon15nodi/grafo337.15,15,60,0,191,207,458,422,4,0.12445616722106934,2,1,0.021
288,Rome-Lib/graficon45nodi/grafo6484.45,45,63,0,226,245,534,510,3,0.046923160552978516,2,1,0.024
289,north/g.69.3.graphml,69,69,0,718,48,835,96,0,0.10631299018859863,2,1,0.029
290,north/g.69.5.graphml,69,69,0,735,64,868,128,0,0.15059614181518555,2,1,0.03
291,Rome-Lib/graficon34nodi/grafo3178.34,34,60,0,259,328,647,702,9,0.20459699630737305,2,1,0.032
292,Rome-Lib/graficon37nodi/grafo5804.37,37,61,0,201,242,504,536,5,0.12228703498840332,2,1,0.024
293,Rome-Lib/graficon39nodi/grafo11519.39,39,66,0,240,313,619,668,12,0.1998000144958496,2,1,0.03
294,north/g.44.21.graphml,44,68,0,314,119,501,238,0,0.0250089168548584,2,0,0.02
295,Rome-Lib/graficon38nodi/grafo5378.38,38,60,0,174,185,419,394,4,0.0990300178527832,2,1,0.019
296,Rome-Lib/graficon37nodi/grafo3497.37,37,68,0,197,201,466,416,0,0.01800704002380371,2,1,0.021
297,Rome-Lib/graficon40nodi/grafo5465.40,40,60,0,240,294,594,632,9,0.23011088371276855,2,1,0.029
298,Rome-Lib/graficon36nodi/grafo5409.36,36,61,0,133,170,364,372,7,0.08583688735961914,2,1,0.017
299,Rome-Lib/graficon38nodi/grafo6478.38,38,67,0,324,438,829,952,10,0.3295328617095947,2,1,0.041
300,Rome-Lib/graficon55nodi/grafo3371.55,55,70,0,251,277,598,596,3,0.17941617965698242,2,1,0.028
301,Rome-Lib/graficon40nodi/grafo3539.40,40,72,1,390,506,968,1107,20,0.3999178409576416,2,1,0.049
302,Rome-Lib/graficon40nodi/grafo2975.40,40,73,0,152,166,391,362,0,0.013151884078979492,2,1,0.017
303,Rome-Lib/graficon55nodi/grafo6415.55,55,76,0,253,246,575,514,2,0.1508018970489502,2,1,0.025
304,Rome-Lib/graficon37nodi/grafo2827.37,37,74,0,337,387,798,816,8,0.21237611770629883,2,1,0.037
305,Rome-Lib/graficon38nodi/grafo3708.38,38,74,0,365,448,887,972,8,0.07597517967224121,2,1,0.043
306,Rome-Lib/graficon46nodi/grafo3783.46,46,75,0,402,500,977,1092,11,0.5391180515289307,2,1,0.048
307,Rome-Lib/graficon47nodi/grafo4015.47,47,77,0,477,727,1281,1708,25,1.1141910552978516,2,1,0.07
308,Rome-Lib/graficon39nodi/grafo10088.39,39,78,0,391,534,1003,1170,17,1.0410418510437012,2,1,0.05
309,Rome-Lib/graficon38nodi/grafo11163.38,38,77,0,335,448,860,942,14,0.24843406677246094,2,1,0.041
310,Rome-Lib/graficon41nodi/grafo3940.41,41,77,0,497,636,1210,1356,20,0.9634139537811279,2,1,0.06
311,Rome-Lib/graficon42nodi/grafo7719.42,42,74,0,427,628,1129,1400,33,2.4028561115264893,2,1,0.128
312,Rome-Lib/graficon39nodi/grafo6137.39,39,74,0,239,251,564,536,0,0.026443004608154297,2,1,0.025
313,Rome-Lib/graficon37nodi/grafo3461.37,37,79,1,406,603,1088,1381,28,0.4950430393218994,2,1,0.057
314,Rome-Lib/graficon49nodi/grafo1454.49,49,79,0,338,379,796,796,6,0.2089688777923584,2,1,0.037
315,Rome-Lib/graficon43nodi/grafo5666.43,43,70,0,318,395,783,848,11,0.2695651054382324,2,1,0.038
316,Rome-Lib/graficon35nodi/grafo3504.35,35,73,0,378,455,906,954,15,0.3686408996582031,2,1,0.043
317,Rome-Lib/graficon33nodi/grafo1711.33,33,77,0,404,465,946,956,9,0.4185969829559326,2,1,0.045
318,north/g.40.5.graphml,40,78,0,469,489,1036,1008,4,0.07980513572692871,2,1,0.049
319,Rome-Lib/graficon39nodi/grafo3155.39,39,79,1,199,232,510,514,5,0.024890899658203125,2,1,0.023
320,Rome-Lib/graficon44nodi/grafo1096.44,44,73,0,319,425,817,908,18,0.8878650665283203,2,1,0.04
321,Rome-Lib/graficon26nodi/grafo169.26,26,70,0,291,360,721,778,9,0.039552927017211914,2,1,0.035
322,Rome-Lib/graficon36nodi/grafo5388.36,36,73,0,315,403,791,836,11,0.4794631004333496,2,1,0.037
323,Rome-Lib/graficon37nodi/grafo7008.37,37,73,3,305,378,756,812,11,0.04170799255371094,2,1,0.037
324,Rome-Lib/graficon43nodi/grafo2096.43,43,70,1,334,483,887,1139,16,0.28133201599121094,2,1,0.047
325,Rome-Lib/graficon40nodi/grafo490.40,40,71,0,159,156,386,320,1,0.015599966049194336,2,1,0.016
326,Rome-Lib/graficon38nodi/grafo10567.38,38,74,0,352,419,845,902,9,0.2398388385772705,2,1,0.04
327,Rome-Lib/graficon36nodi/grafo3041.36,36,74,0,453,578,1105,1246,18,0.7158699035644531,2,1,0.055
328,Rome-Lib/graficon38nodi/grafo11361.38,38,70,0,236,246,552,508,6,0.11392807960510254,2,1,0.025
329,Rome-Lib/graficon38nodi/grafo10188.38,38,74,1,253,294,621,608,10,0.21064996719360352,2,1,0.029
330,Rome-Lib/graficon39nodi/grafo5844.39,39,71,0,323,387,781,844,11,0.25870299339294434,2,1,0.038
331,Rome-Lib/graficon38nodi/grafo5607.38,38,71,0,430,579,1080,1270,15,0.8318588733673096,2,1,0.092
332,Rome-Lib/graficon38nodi/grafo5880.38,38,76,1,350,426,852,866,13,0.22669410705566406,2,1,0.07
333,Rome-Lib/graficon39nodi/grafo10010.39,39,72,0,299,363,734,784,9,0.22293710708618164,2,1,0.035
334,Rome-Lib/graficon36nodi/grafo6112.36,36,72,0,386,452,910,982,10,0.2903099060058594,2,1,0.044
335,Rome-Lib/graficon42nodi/grafo6989.42,42,76,0,421,526,1023,1134,21,1.1839649677276611,2,1,0.053
336,Rome-Lib/graficon45nodi/grafo7304.45,45,73,0,283,344,700,748,6,0.23090004920959473,2,1,0.033
337,Rome-Lib/graficon47nodi/grafo6944.47,47,75,0,486,677,1238,1576,16,0.5979878902435303,2,1,0.157
338,Rome-Lib/graficon41nodi/grafo7150.41,41,75,0,248,317,640,720,8,0.1765739917755127,2,1,0.047
339,Rome-Lib/graficon49nodi/grafo1438.49,49,74,0,327,369,770,776,7,0.20499491691589355,2,1,0.036
340,Rome-Lib/graficon46nodi/grafo1581.46,46,71,0,288,315,674,668,2,0.23834991455078125,2,1,0.031
341,Rome-Lib/graficon43nodi/grafo7214.43,43,75,0,431,497,1003,1122,7,0.32638096809387207,2,1,0.05
342,Rome-Lib/graficon38nodi/grafo7359.38,38,74,0,399,478,951,1006,10,0.6338200569152832,2,1,0.046
343,Rome-Lib/graficon35nodi/grafo5520.35,35,73,0,229,258,560,538,2,0.03955793380737305,2,1,0.045
344,Rome-Lib/graficon40nodi/grafo5265.40,40,77,0,406,545,1028,1190,20,0.787977933883667,2,1,0.055
345,Rome-Lib/graficon30nodi/grafo1810.30,30,73,0,276,318,667,656,4,0.05890202522277832,2,1,0.054
346,Rome-Lib/graficon39nodi/grafo3019.39,39,78,0,444,573,1095,1260,16,0.4626731872558594,2,1,0.054
347,Rome-Lib/graficon38nodi/grafo3110.38,38,75,1,280,349,704,760,11,0.24974703788757324,2,1,0.034
348,Rome-Lib/graficon40nodi/grafo7285.40,40,70,0,384,549,1003,1226,20,0.7581841945648193,2,1,0.052
349,Rome-Lib/graficon40nodi/grafo6189.40,40,76,0,368,496,940,1054,21,0.8647198677062988,2,1,0.047
350,Rome-Lib/graficon38nodi/grafo3888.38,38,84,0,404,516,1004,1096,20,0.9039299488067627,2,1,0.049
351,Rome-Lib/graficon60nodi/grafo8274.60,60,87,0,450,653,1190,1544,18,0.6118037700653076,2,1,0.101
352,Rome-Lib/graficon40nodi/grafo7421.40,40,88,0,290,364,742,786,6,0.29322195053100586,2,1,0.035
353,Rome-Lib/graficon37nodi/grafo11359.37,37,83,1,312,365,760,762,6,0.143035888671875,2,1,0.035
354,Rome-Lib/graficon40nodi/grafo7542.40,40,81,0,294,365,740,760,9,0.5601160526275635,2,1,0.059
355,Rome-Lib/graficon49nodi/grafo7728.49,49,81,0,346,453,880,1000,11,0.4374661445617676,2,1,0.074
356,Rome-Lib/graficon41nodi/grafo6857.41,41,83,0,277,359,719,816,6,0.15239620208740234,2,1,0.035
357,Rome-Lib/graficon44nodi/grafo7094.44,44,84,0,563,709,1356,1540,21,1.0771658420562744,2,1,0.106
358,Rome-Lib/graficon44nodi/grafo6329.44,44,88,0,314,385,787,818,8,0.30103492736816406,2,1,0.037
359,north/g.42.0.graphml,42,81,1,493,451,1025,1012,10,0.293302059173584,2,1,0.048
360,Rome-Lib/graficon53nodi/grafo3648.53,53,86,0,319,373,778,774,10,0.36679697036743164,2,1,0.036
361,Rome-Lib/graficon44nodi/grafo6421.44,44,80,1,314,369,763,798,8,0.14652681350708008,2,1,0.103
362,Rome-Lib/graficon46nodi/grafo6512.46,46,83,0,401,470,954,992,9,0.3993511199951172,2,1,0.044
363,Rome-Lib/graficon42nodi/grafo3657.42,42,83,1,339,439,861,955,11,0.254270076751709,2,1,0.042
364,Rome-Lib/graficon38nodi/grafo5761.38,38,82,0,274,302,658,624,3,0.03422999382019043,2,1,0.03
365,Rome-Lib/graficon43nodi/grafo6273.43,43,81,0,370,459,910,970,13,0.6489660739898682,2,1,0.043
366,Rome-Lib/graficon45nodi/grafo7622.45,45,88,1,612,820,1520,1846,21,0.8410181999206543,2,1,0.078
367,Rome-Lib/graficon42nodi/grafo5224.42,42,87,0,484,624,1195,1312,21,1.350188970565796,2,1,0.057
368,Rome-Lib/graficon56nodi/grafo5156.56,56,84,1,478,628,1190,1414,21,2.3525218963623047,2,1,0.06
369,Rome-Lib/graficon40nodi/grafo5394.40,40,82,0,261,288,631,610,4,0.16618800163269043,2,1,0.028
370,Rome-Lib/graficon50nodi/grafo4518.50,50,87,0,393,502,982,1110,15,0.36603593826293945,2,1,0.048
371,Rome-Lib/graficon52nodi/grafo1591.52,52,85,0,359,421,865,908,5,0.34264087677001953,2,1,0.041
372,north/g.62.1.graphml,62,80,1,585,377,1042,862,1,0.1004638671875,2,1,0.047
373,Rome-Lib/graficon39nodi/grafo3936.39,39,85,0,450,612,1147,1348,22,0.7467520236968994,2,1,0.057
374,Rome-Lib/graficon35nodi/grafo3645.35,35,83,0,473,605,1161,1308,21,1.4816009998321533,2,1,0.057
375,Rome-Lib/graficon60nodi/grafo4886.60,60,85,1,483,650,1218,1448,20,1.5682110786437988,2,1,0.061
376,Rome-Lib/graficon55nodi/grafo6789.55,55,81,0,410,441,932,970,4,2.596648931503296,2,1,0.044
377,Rome-Lib/graficon53nodi/grafo7688.53,53,88,0,572,740,1400,1572,13,0.6652820110321045,2,1,0.068
378,Rome-Lib/graficon35nodi/grafo450.35,35,87,0,384,440,911,914,5,0.5990078449249268,2,1,0.138
379,Rome-Lib/graficon47nodi/grafo6933.47,47,86,0,483,632,1201,1330,21,2.2907960414886475,2,1,0.096
380,Rome-Lib/graficon51nodi/grafo7231.51,51,89,0,389,495,973,1096,5,0.1898660659790039,2,1,0.047
381,Rome-Lib/graficon40nodi/grafo11388.40,40,88,0,370,413,871,854,7,0.5706720352172852,2,1,0.04
382,Rome-Lib/graficon44nodi/grafo6132.44,44,80,0,578,902,1560,1900,55,7.333194017410278,2,1,0.079
383,Rome-Lib/graficon36nodi/grafo6037.36,36,86,0,437,535,1058,1114,14,0.565018892288208,2,1,0.05
384,Rome-Lib/graficon49nodi/grafo4806.49,49,86,0,411,509,1006,1108,6,0.3711531162261963,2,1,0.079
385,Rome-Lib/graficon44nodi/grafo7169.44,44,85,0,352,413,850,856,13,1.1061270236968994,2,1,0.04
386,Rome-Lib/graficon36nodi/grafo3413.36,36,83,0,527,654,1264,1428,16,0.6315999031066895,2,1,0.102
387,Rome-Lib/graficon39nodi/grafo11079.39,39,84,0,282,307,673,644,2,0.20597195625305176,2,1,0.053
388,Rome-Lib/graficon37nodi/grafo5570.37,37,80,1,335,404,819,886,9,0.2961390018463135,2,1,0.04
389,Rome-Lib/graficon38nodi/grafo5499.38,38,81,0,261,296,638,618,3,0.1818699836730957,2,1,0.029
390,Rome-Lib/graficon44nodi/grafo7381.44,44,81,0,573,860,1514,2004,38,1.1862599849700928,2,1,0.12
391,Rome-Lib/graficon38nodi/grafo6727.38,38,82,0,292,377,751,848,8,0.24901390075683594,2,1,0.058
392,Rome-Lib/graficon58nodi/grafo3343.58,58,86,0,540,686,1312,1542,11,0.5011022090911865,2,1,0.066
393,Rome-Lib/graficon38nodi/grafo5674.38,38,81,0,303,350,734,742,3,0.06391501426696777,2,1,0.034
394,Rome-Lib/graficon45nodi/grafo3775.45,45,88,1,306,333,727,712,6,0.32708001136779785,2,1,0.06
395,Rome-Lib/graficon39nodi/grafo3595.39,39,87,1,473,606,1166,1277,19,1.141200065612793,2,1,0.151
396,Rome-Lib/graficon59nodi/grafo1559.59,59,89,0,439,512,1040,1120,11,0.47727489471435547,2,1,0.05
397,Rome-Lib/graficon54nodi/grafo4540.54,54,83,0,300,368,751,840,4,0.15501689910888672,2,1,0.036
398,Rome-Lib/graficon49nodi/grafo1562.49,49,89,0,315,333,737,730,2,0.0645759105682373,2,1,0.033
399,Rome-Lib/graficon48nodi/grafo6376.48,48,81,0,399,495,975,1068,14,0.46355390548706055,2,1,0.047
400,Rome-Lib/graficon41nodi/grafo3786.41,41,90,0,351,369,810,762,1,0.05847001075744629,2,1,0.036
401,Rome-Lib/graficon43nodi/grafo3294.43,43,92,0,506,635,1233,1322,22,1.0612189769744873,2,1,0.059
402,Rome-Lib/graficon63nodi/grafo4664.63,63,99,0,453,545,1097,1162,11,0.7356829643249512,2,1,0.052
403,Rome-Lib/graficon46nodi/grafo5338.46,46,94,0,502,649,1245,1402,16,1.1941771507263184,2,1,0.061
404,Rome-Lib/graficon62nodi/grafo3408.62,62,98,0,613,756,1467,1652,21,2.5804059505462646,2,1,0.072
405,Rome-Lib/graficon46nodi/grafo5753.46,46,93,0,465,536,1094,1122,10,0.5241329669952393,2,1,0.051
406,Rome-Lib/graficon63nodi/grafo4532.63,63,99,0,420,477,996,1014,7,0.4821488857269287,2,1,0.046
407,north/g.48.24.graphml,48,92,0,263,231,586,468,0,0.030606985092163086,2,1,0.024
408,Rome-Lib/graficon39nodi/grafo6930.39,39,95,1,672,834,1601,1781,28,0.5686759948730469,2,1,0.078
409,Rome-Lib/graficon41nodi/grafo11670.41,41,96,0,393,470,959,982,13,1.2244470119476318,2,1,0.044
410,Rome-Lib/graficon37nodi/grafo5953.37,37,97,0,541,688,1326,1502,20,0.6891489028930664,2,1,0.064
411,Rome-Lib/graficon44nodi/grafo3603.44,44,99,0,655,929,1683,1972,47,60.17799997329712,9,111,0.153
412,Rome-Lib/graficon49nodi/grafo5721.49,49,92,0,370,452,914,1008,7,2.2775180339813232,2,1,0.044
413,Rome-Lib/graficon44nodi/grafo5496.44,44,96,0,473,555,1124,1174,9,0.25212812423706055,2,1,0.053
414,Rome-Lib/graficon38nodi/grafo6492.38,38,97,1,317,389,803,810,12,0.2736480236053467,2,1,0.038
415,Rome-Lib/graficon43nodi/grafo3718.43,43,99,0,557,675,1331,1428,13,0.683617115020752,2,1,0.064
416,Rome-Lib/graficon55nodi/grafo4296.55,55,96,0,582,716,1394,1510,13,0.6951858997344971,2,1,0.067
417,Rome-Lib/graficon60nodi/grafo4620.60,60,93,0,522,691,1306,1500,15,0.6985859870910645,2,1,0.064
418,Rome-Lib/graficon37nodi/grafo10734.37,37,93,1,394,466,953,984,4,0.10188412666320801,2,1,0.045
419,Rome-Lib/graficon47nodi/grafo3305.47,47,93,0,461,581,1135,1310,9,0.3034029006958008,2,1,0.072
420,Rome-Lib/graficon41nodi/grafo7079.41,41,93,0,509,659,1261,1406,22,1.4768249988555908,2,1,0.062
421,Rome-Lib/graficon53nodi/grafo4211.53,53,98,0,779,1094,1971,2392,34,1.9412429332733154,2,1,0.099
422,Rome-Lib/graficon35nodi/grafo5125.35,35,94,0,261,269,624,544,1,0.0581669807434082,2,1,0.027
423,Rome-Lib/graficon42nodi/grafo7607.42,42,94,1,484,628,1206,1327,19,1.0833868980407715,2,1,0.151
424,Rome-Lib/graficon51nodi/grafo4728.51,51,99,0,426,489,1014,1070,3,1.67277193069458,2,1,0.048
425,Rome-Lib/graficon49nodi/grafo3415.49,49,90,0,386,470,946,1018,13,0.38474488258361816,2,1,0.046
426,Rome-Lib/graficon43nodi/grafo7636.43,43,99,0,604,709,1412,1482,18,0.8147411346435547,2,1,0.105
427,Rome-Lib/graficon46nodi/grafo6632.46,46,93,0,545,665,1303,1408,19,0.7380549907684326,2,1,0.062
428,Rome-Lib/graficon44nodi/grafo7591.44,44,95,0,689,931,1715,2026,26,2.5654678344726562,2,1,0.086
429,Rome-Lib/graficon42nodi/grafo6081.42,42,97,0,497,643,1237,1356,15,0.549476146697998,2,1,0.06
430,Rome-Lib/graficon52nodi/grafo7721.52,52,95,3,588,752,1435,1668,20,29.002037048339844,2,180,0.071
431,Rome-Lib/graficon56nodi/grafo7731.56,56,91,0,553,738,1382,1660,12,0.8272809982299805,2,1,0.069
432,Rome-Lib/graficon58nodi/grafo1551.58,58,99,0,481,574,1154,1224,11,1.321753978729248,2,1,0.055
433,Rome-Lib/graficon42nodi/grafo7141.42,42,93,0,455,528,1076,1118,9,0.4707489013671875,2,1,0.051
434,Rome-Lib/graficon42nodi/grafo3439.42,42,95,0,523,632,1250,1350,10,0.6331090927124023,2,1,0.06
435,Rome-Lib/graficon49nodi/grafo7102.49,49,96,0,479,606,1181,1320,12,0.5785770416259766,2,1,0.134
436,Rome-Lib/graficon53nodi/grafo5057.53,53,95,0,585,724,1404,1546,13,12.861644983291626,2,59,0.102
437,Rome-Lib/graficon61nodi/grafo4482.61,61,91,0,497,635,1223,1464,6,0.4335901737213135,2,1,0.063
438,Rome-Lib/graficon37nodi/grafo7645.37,37,92,1,354,432,878,909,13,0.6240918636322021,2,1,0.041
439,Rome-Lib/graficon42nodi/grafo5817.42,42,99,1,373,480,952,1020,12,0.36786699295043945,2,1,0.046
440,Rome-Lib/graficon43nodi/grafo4053.43,43,98,0,678,843,1619,1794,20,1.9116458892822266,2,1,0.079
441,Rome-Lib/graficon52nodi/grafo2083.52,52,94,1,534,611,1239,1290,17,0.9339981079101562,2,1,0.059
442,Rome-Lib/graficon48nodi/grafo6426.48,48,91,0,454,564,1109,1200,13,0.9310729503631592,2,1,0.054
443,Rome-Lib/graficon58nodi/grafo6193.58,58,91,1,684,899,1674,1965,25,1.4936718940734863,2,1,0.085
444,Rome-Lib/graficon44nodi/grafo6298.44,44,98,0,553,717,1368,1588,20,1.4433081150054932,2,1,0.068
445,Rome-Lib/graficon43nodi/grafo3654.43,43,93,0,451,580,1124,1224,16,2.99367094039917,2,1,0.055
446,Rome-Lib/graficon41nodi/grafo3781.41,41,96,1,583,740,1419,1596,20,1.624664068222046,2,1,0.153
447,north/g.40.18.graphml,40,91,0,155,156,402,318,0,0.021702051162719727,2,1,0.03
448,Rome-Lib/graficon44nodi/grafo7067.44,44,91,0,382,460,933,1018,7,0.05812788009643555,2,1,0.056
449,Rome-Lib/graficon44nodi/grafo6397.44,44,98,0,417,472,987,1002,9,0.4991748332977295,2,1,0.045
450,Rome-Lib/graficon38nodi/grafo3917.38,38,105,1,732,934,1771,2087,24,1.3089330196380615,2,1,0.088
451,Rome-Lib/graficon43nodi/grafo7456.43,43,100,0,693,1017,1810,2182,53,7.452272891998291,2,1,0.09
452,Rome-Lib/graficon42nodi/grafo5456.42,42,100,0,582,719,1401,1524,16,0.6705958843231201,2,1,0.068
453,Rome-Lib/graficon41nodi/grafo6403.41,41,103,0,542,685,1330,1446,11,0.4544041156768799,2,1,0.064
454,Rome-Lib/graficon61nodi/grafo9391.61,61,107,0,505,632,1244,1384,18,1.3941261768341064,2,1,0.091
455,Rome-Lib/graficon42nodi/grafo3652.42,42,106,0,525,621,1252,1332,11,0.8875179290771484,2,1,0.061
456,Rome-Lib/graficon38nodi/grafo7568.38,38,103,0,480,596,1179,1220,18,1.9355261325836182,2,1,0.057
457,Rome-Lib/graficon54nodi/grafo6651.54,54,108,1,568,660,1336,1416,11,0.7299778461456299,2,1,0.065
458,Rome-Lib/graficon40nodi/grafo5652.40,40,103,0,388,431,922,874,6,0.28829503059387207,2,1,0.042
459,Rome-Lib/graficon62nodi/grafo9225.62,62,108,0,666,870,1644,1856,30,2.442854881286621,2,1,0.158
460,Rome-Lib/graficon39nodi/grafo10285.39,39,103,0,704,911,1718,1894,32,35.42414999008179,2,146,0.084
461,Rome-Lib/graficon66nodi/grafo1583.66,66,101,1,433,570,1104,1239,19,1.3718640804290771,2,1,0.056
462,Rome-Lib/graficon57nodi/grafo5849.57,57,106,2,768,1057,1931,2316,32,36.28626108169556,2,171,0.1
463,Rome-Lib/graficon46nodi/grafo3493.46,46,102,0,504,577,1183,1198,6,0.4261181354522705,2,1,0.055
464,Rome-Lib/graficon50nodi/grafo3684.50,50,108,0,532,670,1310,1422,13,0.2588980197906494,2,1,0.063
465,Rome-Lib/graficon44nodi/grafo6563.44,44,103,0,501,639,1243,1350,21,1.0146198272705078,2,1,0.059
466,Rome-Lib/graficon45nodi/grafo6070.45,45,103,0,617,783,1503,1626,21,3.2469568252563477,2,1,0.073
467,Rome-Lib/graficon54nodi/grafo1613.54,54,101,0,520,693,1314,1476,24,1.7647459506988525,2,1,0.066
468,Rome-Lib/graficon59nodi/grafo4955.59,59,108,0,728,879,1715,1830,19,1.409019947052002,2,1,0.183
469,Rome-Lib/graficon60nodi/grafo1270.60,60,104,0,546,671,1321,1468,10,0.7650871276855469,2,1,0.097
470,Rome-Lib/graficon63nodi/grafo9040.63,63,107,0,546,615,1268,1330,4,0.2300119400024414,2,1,0.094
471,Rome-Lib/graficon50nodi/grafo1182.50,50,109,0,532,555,1196,1168,2,0.09595489501953125,2,1,0.054
472,Rome-Lib/graficon38nodi/grafo7081.38,38,108,1,566,683,1357,1448,12,0.4305140972137451,2,1,0.065
473,Rome-Lib/graficon33nodi/grafo5702.33,33,106,0,409,485,1000,1002,11,0.4102780818939209,2,1,0.046
474,Rome-Lib/graficon65nodi/grafo9558.65,65,105,1,1027,1566,2698,3643,78,60.08877396583557,9,3,0.146
475,Rome-Lib/graficon45nodi/grafo7623.45,45,104,0,638,868,1610,1888,28,4.388717889785767,2,1,0.089
476,Rome-Lib/graficon47nodi/grafo5710.47,47,103,0,587,694,1384,1458,14,1.6612470149993896,2,1,0.067
477,Rome-Lib/graficon38nodi/grafo2726.38,38,101,0,524,623,1248,1294,12,0.6552388668060303,2,1,0.06
478,Rome-Lib/graficon48nodi/grafo5592.48,48,102,0,469,565,1136,1188,9,0.543004035949707,2,1,0.149
479,Rome-Lib/graficon54nodi/grafo3926.54,54,106,0,463,583,1152,1246,17,1.037018060684204,2,1,0.056
480,Rome-Lib/graficon43nodi/grafo4014.43,43,101,0,448,547,1096,1166,14,1.5150628089904785,2,1,0.053
481,Rome-Lib/graficon42nodi/grafo7744.42,42,100,0,272,310,682,636,5,0.24720978736877441,2,1,0.03
482,Rome-Lib/graficon43nodi/grafo5660.43,43,109,0,692,854,1655,1774,29,3.5385029315948486,2,1,0.08
483,Rome-Lib/graficon52nodi/grafo7181.52,52,109,1,816,1233,2158,2775,48,51.28032898902893,2,51,0.116
484,Rome-Lib/graficon47nodi/grafo3730.47,47,107,0,542,620,1269,1302,11,0.77065110206604,2,1,0.094
485,Rome-Lib/graficon55nodi/grafo3487.55,55,107,0,766,1014,1887,2184,27,3.9101178646087646,2,1,0.096
486,Rome-Lib/graficon58nodi/grafo5538.58,58,101,3,662,851,1614,1790,29,1.4591097831726074,2,1,0.082
487,Rome-Lib/graficon46nodi/grafo5973.46,46,104,0,598,693,1395,1430,10,0.6728720664978027,2,1,0.067
488,Rome-Lib/graficon46nodi/grafo6771.46,46,107,0,385,410,902,846,5,0.07761788368225098,2,1,0.041
489,Rome-Lib/graficon39nodi/grafo5571.39,39,105,0,589,735,1429,1630,14,0.805682897567749,2,1,0.173
490,north/g.62.5.graphml,62,100,1,553,246,899,606,5,0.10613799095153809,2,1,0.04
491,Rome-Lib/graficon45nodi/grafo5779.45,45,106,0,455,514,1075,1046,13,4.904913902282715,2,1,0.051
492,Rome-Lib/graficon44nodi/grafo7751.44,44,105,0,432,502,1039,1058,9,0.4834299087524414,2,1,0.065
493,Rome-Lib/graficon60nodi/grafo4813.60,60,102,1,432,495,1029,1064,7,0.42096400260925293,2,1,0.049
494,Rome-Lib/graficon37nodi/grafo7357.37,37,106,1,669,806,1581,1712,19,0.8525159358978271,2,1,0.077
495,Rome-Lib/graficon41nodi/grafo7481.41,41,107,0,567,690,1364,1432,15,0.785161018371582,2,1,0.066
496,Rome-Lib/graficon64nodi/grafo4411.64,64,108,0,726,873,1707,1910,13,1.4431841373443604,2,1,0.084
497,Rome-Lib/graficon61nodi/grafo5332.61,61,101,0,854,1175,2130,2608,37,4.531023025512695,2,1,0.111
498,Rome-Lib/graficon56nodi/grafo1205.56,56,100,0,584,779,1463,1722,26,1.929898977279663,2,1,0.074
499,Rome-Lib/graficon47nodi/grafo1075.47,47,106,0,521,622,1249,1290,12,0.7112040519714355,2,1,0.153
500,Rome-Lib/graficon43nodi/grafo5240.43,43,116,0,524,617,1257,1334,5,0.6482141017913818,2,1,0.061
501,Rome-Lib/graficon40nodi/grafo4021.40,40,111,0,391,446,948,920,8,0.2712900638580322,2,1,0.044
502,Rome-Lib/graficon39nodi/grafo2982.39,39,112,0,458,503,1073,1030,7,0.3880298137664795,2,1,0.05
503,Rome-Lib/graficon46nodi/grafo6064.46,46,115,0,674,867,1656,1802,31,4.431807994842529,2,1,0.082
504,Rome-Lib/graficon61nodi/grafo4863.61,61,119,0,865,1152,2136,2574,25,2.4735279083251953,2,1,0.108
505,Rome-Lib/graficon57nodi/grafo6268.57,57,118,0,940,1205,2263,2602,32,33.303823947906494,2,1,0.117
506,Rome-Lib/graficon54nodi/grafo6871.54,54,119,0,900,1239,2258,2652,61,60.110629081726074,9,7,0.116
507,Rome-Lib/graficon41nodi/grafo5191.41,41,110,1,776,941,1827,1988,23,1.5920379161834717,2,1,0.185
508,Rome-Lib/graficon52nodi/grafo3641.52,52,115,0,838,1101,2054,2268,43,3.7535698413848877,2,1,0.102
509,Rome-Lib/graficon51nodi/grafo1073.51,51,117,0,574,676,1367,1402,13,0.8105340003967285,2,1,0.066
510,Rome-Lib/graficon59nodi/grafo4463.59,59,114,0,611,742,1467,1580,10,0.6813921928405762,2,1,0.072
511,Rome-Lib/graficon39nodi/grafo6495.39,39,115,0,383,475,973,986,12,0.45059895515441895,2,1,0.047
512,Rome-Lib/graficon53nodi/grafo1262.53,53,114,0,953,1269,2336,2648,40,3.38417387008667,2,1,0.12
513,north/g.47.6.graphml,47,116,0,149,155,420,336,0,0.03497910499572754,2,1,0.017
514,Rome-Lib/graficon49nodi/grafo7353.49,49,110,0,603,724,1437,1536,8,0.3220250606536865,2,1,0.07
515,Rome-Lib/graficon64nodi/grafo9523.64,64,118,1,684,853,1655,1828,18,1.819059133529663,2,1,0.084
516,Rome-Lib/graficon57nodi/grafo4867.57,57,115,0,701,856,1672,1856,12,0.8012080192565918,2,1,0.081
517,Rome-Lib/graficon60nodi/grafo5065.60,60,114,0,448,528,1090,1134,8,0.3426661491394043,2,1,0.133
518,Rome-Lib/graficon61nodi/grafo8185.61,61,112,0,879,1250,2241,2734,50,31.018717050552368,2,1,0.154
519,Rome-Lib/graficon56nodi/grafo6546.56,56,113,0,756,883,1752,1874,9,0.9521610736846924,2,1,0.085
520,Rome-Lib/graficon55nodi/grafo4499.55,55,111,0,537,663,1311,1440,12,0.9402551651000977,2,1,0.063
521,Rome-Lib/graficon75nodi/grafo8056.75,75,116,0,767,899,1782,1962,15,4.759535074234009,2,1,0.086
522,Rome-Lib/graficon53nodi/grafo4210.53,53,116,0,718,872,1706,1816,17,1.0305161476135254,2,1,0.082
523,Rome-Lib/graficon53nodi/grafo3271.53,53,118,0,987,1407,2512,3084,39,4.105175971984863,2,1,0.129
524,Rome-Lib/graficon50nodi/grafo2412.50,50,119,0,467,555,1141,1214,10,0.6890220642089844,2,1,0.153
525,Rome-Lib/graficon44nodi/grafo5326.44,44,112,0,769,1009,1890,2254,23,2.902086019515991,2,1,0.096
526,Rome-Lib/graficon57nodi/grafo6107.57,57,119,0,919,1116,2154,2406,22,2.168205976486206,2,1,0.108
527,Rome-Lib/graficon56nodi/grafo1628.56,56,113,0,640,773,1526,1664,9,0.12140893936157227,2,1,0.073
528,Rome-Lib/graficon45nodi/grafo3764.45,45,117,0,487,567,1171,1192,10,0.5420911312103271,2,1,0.054
529,Rome-Lib/graficon58nodi/grafo4188.58,58,110,0,705,854,1669,1786,9,0.4579780101776123,2,1,0.081
530,Rome-Lib/graficon54nodi/grafo4571.54,54,115,0,735,943,1793,2056,14,1.0447099208831787,2,1,0.089
531,Rome-Lib/graficon58nodi/grafo4723.58,58,118,0,539,613,1270,1272,5,0.4450950622558594,2,1,0.058
532,Rome-Lib/graficon58nodi/grafo3869.58,58,112,1,597,706,1415,1510,16,1.171194076538086,2,1,0.069
533,Rome-Lib/graficon63nodi/grafo4458.63,63,113,0,1047,1448,2608,3174,38,3.990709066390991,2,1,0.237
534,Rome-Lib/graficon67nodi/grafo5147.67,67,114,1,842,1129,2085,2516,40,60.2071738243103,9,85,0.109
535,Rome-Lib/graficon61nodi/grafo4777.61,61,118,0,581,655,1354,1406,7,0.567317008972168,2,1,0.066
536,Rome-Lib/graficon54nodi/grafo7467.54,54,112,0,590,725,1427,1542,18,0.6749889850616455,2,1,0.07
537,Rome-Lib/graficon52nodi/grafo3810.52,52,115,0,574,650,1339,1344,13,2.081977128982544,2,1,0.063
538,Rome-Lib/graficon77nodi/grafo8372.77,77,112,0,702,776,1590,1658,8,0.7719509601593018,2,1,0.075
539,Rome-Lib/graficon43nodi/grafo5950.43,43,112,0,451,509,1072,1036,8,0.4656081199645996,2,1,0.049
540,north/g.75.7.graphml,75,110,0,398,284,792,574,0,0.040429115295410156,2,1,0.033
541,Rome-Lib/graficon43nodi/grafo4090.43,43,110,0,666,909,1685,1942,24,1.1633281707763672,2,1,0.084
542,Rome-Lib/graficon58nodi/grafo4889.58,58,111,0,814,1024,1949,2208,27,16.243396043777466,2,1,0.197
543,Rome-Lib/graficon55nodi/grafo7054.55,55,112,0,968,1356,2436,2996,41,60.28243899345398,9,103,0.126
544,Rome-Lib/graficon51nodi/grafo7606.51,51,113,0,817,1040,1970,2190,25,13.61489987373352,2,1,0.098
545,Rome-Lib/graficon37nodi/grafo5229.37,37,115,0,699,827,1641,1698,13,0.4202239513397217,2,1,0.079
546,Rome-Lib/graficon44nodi/grafo4017.44,44,118,0,605,758,1481,1582,16,1.162992000579834,2,1,0.071
547,Rome-Lib/graficon46nodi/grafo6237.46,46,117,0,472,536,1125,1136,5,0.37583494186401367,2,1,0.052
548,Rome-Lib/graficon59nodi/grafo4198.59,59,115,0,664,812,1591,1714,23,1.9648878574371338,2,1,0.077
549,Rome-Lib/graficon41nodi/grafo5651.41,41,117,0,641,743,1501,1538,9,0.6715328693389893,2,1,0.164
550,Rome-Lib/graficon53nodi/grafo3147.53,53,123,0,511,576,1210,1206,7,0.6894171237945557,2,1,0.084
551,Rome-Lib/graficon61nodi/grafo6131.61,61,123,0,1032,1221,2376,2558,14,1.6972708702087402,2,1,0.154
552,Rome-Lib/graficon68nodi/grafo8032.68,68,126,0,624,700,1450,1512,5,0.7010459899902344,2,1,0.069
553,Rome-Lib/graficon60nodi/grafo4549.60,60,127,0,658,800,1585,1722,15,1.279115915298462,2,1,0.076
554,Rome-Lib/graficon48nodi/grafo3559.48,48,124,0,981,1241,2346,2566,35,6.218821048736572,2,1,0.115
555,Rome-Lib/graficon49nodi/grafo3085.49,49,128,0,818,1061,2007,2260,26,1.4622931480407715,2,1,0.1
556,Rome-Lib/graficon46nodi/grafo7405.46,46,123,0,683,820,1626,1720,23,3.392915964126587,2,1,0.175
557,Rome-Lib/graficon51nodi/grafo4451.51,51,124,0,628,744,1496,1538,18,1.3425462245941162,2,1,0.072
558,Rome-Lib/graficon62nodi/grafo7960.62,62,123,0,681,741,1545,1584,10,1.1107730865478516,2,1,0.074
559,Rome-Lib/graficon77nodi/grafo8287.77,77,120,0,700,829,1649,1802,16,2.9058070182800293,2,1,0.082
560,Rome-Lib/graficon50nodi/grafo5437.50,50,126,0,726,864,1716,1804,16,1.47406005859375,2,1,0.081
561,Rome-Lib/graficon55nodi/grafo6500.55,55,125,0,974,1192,2291,2586,28,60.146706104278564,9,81,0.112
562,Rome-Lib/graficon60nodi/grafo4740.60,60,122,0,672,883,1677,1952,25,3.8105599880218506,2,1,0.083
563,Rome-Lib/graficon64nodi/grafo4509.64,64,121,0,791,956,1868,2034,23,13.462386131286621,2,80,0.093
564,Rome-Lib/graficon51nodi/grafo6475.51,51,122,3,572,692,1386,1460,16,1.94749116897583,2,1,0.17
565,Rome-Lib/graficon68nodi/grafo2711.68,68,124,1,643,758,1525,1702,10,0.4000999927520752,2,1,0.074
566,Rome-Lib/graficon58nodi/grafo4842.58,58,124,0,941,1258,2323,2722,41,13.844680070877075,2,1,0.118
567,Rome-Lib/graficon69nodi/grafo7284.69,69,121,0,611,817,1549,1858,26,1.9882550239562988,2,1,0.078
568,Rome-Lib/graficon67nodi/grafo8816.67,67,120,1,1211,1857,3188,3951,95,60.15081000328064,9,8,0.168
569,Rome-Lib/graficon56nodi/grafo3789.56,56,129,0,866,1112,2107,2326,31,8.161052942276001,2,1,0.104
570,Rome-Lib/graficon70nodi/grafo8091.70,70,128,1,801,994,1923,2134,24,3.0870110988616943,2,1,0.095
571,Rome-Lib/graficon62nodi/grafo4494.62,62,128,0,837,1002,1967,2162,15,1.7602789402008057,2,1,0.19
572,Rome-Lib/graficon48nodi/grafo5780.48,48,124,0,870,1045,2039,2168,22,2.443432092666626,2,1,0.097
573,Rome-Lib/graficon52nodi/grafo4736.52,52,128,0,699,812,1639,1696,14,2.5011348724365234,2,1,0.08
574,Rome-Lib/graficon45nodi/grafo5168.45,45,120,0,559,680,1359,1426,16,2.432490825653076,2,1,0.065
575,Rome-Lib/graficon56nodi/grafo5425.56,56,129,1,1011,1274,2414,2750,32,21.981744050979614,2,1,0.12
576,Rome-Lib/graficon53nodi/grafo4513.53,53,125,0,486,563,1174,1220,8,0.3382737636566162,2,1,0.055
577,Rome-Lib/graficon65nodi/grafo9219.65,65,125,0,904,1184,2213,2540,42,60.3038489818573,9,57,0.11
578,Rome-Lib/graficon69nodi/grafo9667.69,69,126,0,938,1193,2257,2618,19,5.0868730545043945,2,1,0.205
579,Rome-Lib/graficon61nodi/grafo6803.61,61,125,0,1030,1427,2582,3190,53,60.201014041900635,9,25,0.133
580,Rome-Lib/graficon56nodi/grafo3569.56,56,125,0,775,944,1844,1976,23,2.945246934890747,2,1,0.088
581,Rome-Lib/graficon52nodi/grafo3714.52,52,122,0,765,1033,1920,2156,36,35.56928205490112,2,124,0.095
582,Rome-Lib/graficon49nodi/grafo6251.49,49,120,0,574,701,1395,1494,14,0.9836158752441406,2,1,0.07
583,Rome-Lib/graficon57nodi/grafo4171.57,57,122,0,1012,1309,2443,2828,41,3.547616958618164,2,1,0.126
584,Rome-Lib/graficon69nodi/grafo4408.69,69,121,0,960,1228,2309,2604,34,27.523108959197998,2,1,0.114
585,Rome-Lib/graficon62nodi/grafo4231.62,62,123,0,802,1034,1959,2258,31,60.15342378616333,9,171,0.202
586,Rome-Lib/graficon55nodi/grafo4699.55,55,120,0,1013,1261,2394,2650,34,4.330477952957153,2,1,0.123
587,Rome-Lib/graficon79nodi/grafo4378.79,79,129,0,1066,1396,2591,3048,49,60.25902700424194,9,36,0.136
588,Rome-Lib/graficon53nodi/grafo3572.53,53,120,1,788,1047,1955,2248,35,7.156795978546143,2,1,0.1
589,Rome-Lib/graficon62nodi/grafo9186.62,62,129,0,878,1120,2127,2420,27,1.9351859092712402,2,1,0.105
590,Rome-Lib/graficon58nodi/grafo4670.58,58,125,0,674,840,1639,1794,16,0.8630850315093994,2,1,0.087
591,Rome-Lib/graficon57nodi/grafo6084.57,57,121,3,933,1245,2299,2700,33,17.523258924484253,2,1,0.225
592,Rome-Lib/graficon44nodi/grafo6866.44,44,126,0,500,568,1194,1170,11,0.6969430446624756,2,1,0.055
593,Rome-Lib/graficon44nodi/grafo5440.44,44,124,0,704,784,1612,1608,11,5.084650039672852,2,1,0.074
594,Rome-Lib/graficon55nodi/grafo3950.55,55,121,0,803,988,1912,2124,19,12.047388792037964,2,1,0.096
595,Rome-Lib/graficon46nodi/grafo6241.46,46,127,0,663,777,1567,1626,13,0.4540700912475586,2,1,0.074
596,Rome-Lib/graficon61nodi/grafo8562.61,61,122,1,660,823,1605,1813,24,1.5034949779510498,2,1,0.107
597,Rome-Lib/graficon44nodi/grafo6911.44,44,124,1,453,520,1097,1078,7,0.4116098880767822,2,1,0.051
598,Rome-Lib/graficon63nodi/grafo4935.63,63,124,0,830,948,1902,1986,11,1.0275788307189941,2,1,0.091
599,Rome-Lib/graficon42nodi/grafo6310.42,42,122,0,706,878,1706,1836,21,1.163970947265625,2,1,0.082
600,Rome-Lib/graficon65nodi/grafo9415.65,65,131,0,1066,1358,2555,2888,39,60.12080907821655,9,25,0.231
601,Rome-Lib/graficon66nodi/grafo4737.66,66,132,0,1010,1263,2405,2700,28,5.422278881072998,2,1,0.12
602,Rome-Lib/graficon46nodi/grafo6856.46,46,138,0,767,955,1860,1974,26,3.2056632041931152,2,1,0.088
603,Rome-Lib/graficon62nodi/grafo4714.62,62,132,0,727,848,1707,1798,15,1.1181111335754395,2,1,0.084
604,Rome-Lib/graficon68nodi/grafo9632.68,68,139,0,988,1264,2391,2618,37,34.343708992004395,2,1,0.121
605,Rome-Lib/graficon66nodi/grafo8216.66,66,137,0,1114,1513,2764,3304,46,19.908354997634888,2,1,0.147
606,Rome-Lib/graficon72nodi/grafo6045.72,72,135,0,940,1140,2215,2508,20,1.9155199527740479,2,1,0.216
607,Rome-Lib/graficon61nodi/grafo4922.61,61,138,0,1182,1567,2887,3342,36,14.422679901123047,2,1,0.146
608,Rome-Lib/graficon54nodi/grafo3665.54,54,135,0,989,1242,2366,2652,31,2.8256618976593018,2,1,0.12
609,Rome-Lib/graficon56nodi/grafo5851.56,56,131,0,875,1104,2110,2358,25,2.859743118286133,2,1,0.104
610,Rome-Lib/graficon64nodi/grafo4207.64,64,139,0,1131,1524,2794,3332,41,19.722443103790283,2,1,0.142
611,Rome-Lib/graficon75nodi/grafo4683.75,75,133,0,816,930,1879,1942,17,3.3947088718414307,2,1,0.186
612,Rome-Lib/graficon61nodi/grafo3399.61,61,131,0,879,1035,2045,2198,14,1.5371150970458984,2,1,0.097
613,Rome-Lib/graficon65nodi/grafo9417.65,65,132,0,886,1136,2154,2508,12,1.105978012084961,2,1,0.11
614,Rome-Lib/graficon60nodi/grafo7493.60,60,131,1,1179,1637,2947,3624,34,8.168376922607422,2,1,0.155
615,Rome-Lib/graficon57nodi/grafo1442.57,57,131,0,882,1058,2071,2180,18,1.0105350017547607,2,1,0.099
616,Rome-Lib/graficon66nodi/grafo9366.66,66,139,0,987,1234,2360,2692,26,5.7924370765686035,2,1,0.116
617,Rome-Lib/graficon43nodi/grafo3913.43,43,133,0,725,931,1789,1964,32,43.503068923950195,2,116,0.22
618,Rome-Lib/graficon61nodi/grafo7324.61,61,132,0,804,952,1888,2040,17,2.5806028842926025,2,1,0.09
619,Rome-Lib/graficon48nodi/grafo5330.48,48,139,0,970,1132,2241,2352,13,1.2944610118865967,2,1,0.109
620,Rome-Lib/graficon61nodi/grafo9049.61,61,138,0,1149,1469,2756,3092,46,25.72370409965515,2,1,0.141
621,Rome-Lib/graficon44nodi/grafo7756.44,44,134,1,675,797,1606,1661,13,0.4682040214538574,2,1,0.076
622,Rome-Lib/graficon76nodi/grafo8196.76,76,133,0,1119,1396,2648,2996,28,8.504184007644653,2,1,0.134
623,Rome-Lib/graficon67nodi/grafo8161.67,67,138,0,1027,1265,2430,2714,29,54.34137797355652,2,59,0.211
624,Rome-Lib/graficon76nodi/grafo752.76,76,132,0,723,909,1764,1898,26,20.838369131088257,2,67,0.089
625,Rome-Lib/graficon65nodi/grafo9272.65,65,130,0,859,1070,2059,2258,22,2.7635178565979004,2,1,0.101
626,Rome-Lib/graficon55nodi/grafo4299.55,55,138,0,890,1140,2168,2366,38,3.5124928951263428,2,1,0.106
627,Rome-Lib/graficon48nodi/grafo3327.48,48,133,0,1037,1305,2475,2830,25,5.497560024261475,2,1,0.124
628,Rome-Lib/graficon58nodi/grafo3298.58,58,138,0,933,1102,2173,2272,22,41.51729488372803,2,115,0.105
629,Rome-Lib/graficon68nodi/grafo9311.68,68,134,0,1070,1379,2583,2852,53,60.174262046813965,9,16,0.234
630,Rome-Lib/graficon75nodi/grafo4519.75,75,136,0,1147,1518,2801,3386,27,3.963407039642334,2,1,0.147
631,Rome-Lib/graficon58nodi/grafo3578.58,58,132,0,960,1200,2292,2552,35,60.19171595573425,9,20,0.113
632,Rome-Lib/graficon46nodi/grafo5778.46,46,132,0,774,1009,1915,2180,27,3.053987979888916,2,1,0.106
633,Rome-Lib/graficon75nodi/grafo4276.75,75,137,0,970,1196,2303,2580,26,7.0015928745269775,2,1,0.114
634,Rome-Lib/graficon54nodi/grafo3189.54,54,132,0,970,1395,2497,3050,54,60.109216928482056,9,19,0.131
635,Rome-Lib/graficon66nodi/grafo9011.66,66,131,0,961,1205,2297,2494,34,11.148405075073242,2,1,0.23
636,Rome-Lib/graficon60nodi/grafo4508.60,60,133,0,624,727,1484,1526,14,1.4164068698883057,2,1,0.072
637,Rome-Lib/graficon63nodi/grafo5068.63,63,132,0,1123,1512,2767,3158,47,60.02855086326599,9,1,0.142
638,Rome-Lib/graficon59nodi/grafo3115.59,59,131,0,746,875,1752,1848,13,0.8524479866027832,2,1,0.087
639,Rome-Lib/graficon56nodi/grafo6239.56,56,138,0,818,1045,2001,2240,29,7.298573017120361,2,1,0.102
640,Rome-Lib/graficon60nodi/grafo4575.60,60,132,0,746,944,1822,2006,26,8.725260019302368,2,1,0.092
641,Rome-Lib/graficon60nodi/grafo5195.60,60,130,0,860,1083,2073,2336,17,1.810509204864502,2,1,0.105
642,Rome-Lib/graficon58nodi/grafo1495.58,58,137,0,919,1115,2171,2386,11,1.991899013519287,2,1,0.217
643,Rome-Lib/graficon76nodi/grafo8522.76,76,135,0,978,1269,2382,2830,21,3.5465080738067627,2,1,0.124
644,Rome-Lib/graficon58nodi/grafo6457.58,58,137,0,1092,1421,2650,2986,42,19.10014581680298,2,1,0.134
645,Rome-Lib/graficon56nodi/grafo7669.56,56,131,0,771,971,1873,2024,19,3.966593027114868,2,1,0.093
646,Rome-Lib/graficon57nodi/grafo4739.57,57,131,0,508,577,1216,1198,9,0.8648378849029541,2,1,0.057
647,Rome-Lib/graficon45nodi/grafo5918.45,45,135,0,854,1028,2017,2170,18,1.5167419910430908,2,1,0.097
648,Rome-Lib/graficon83nodi/grafo8245.83,83,130,0,1271,1671,3072,3724,43,60.15938401222229,9,20,0.267
649,Rome-Lib/graficon64nodi/grafo5069.64,64,139,0,949,1123,2211,2376,18,2.8177411556243896,2,1,0.109
650,Rome-Lib/graficon41nodi/grafo7302.41,41,140,1,676,763,1579,1580,9,0.9877421855926514,2,1,0.076
651,Rome-Lib/graficon86nodi/grafo7893.86,86,149,0,1480,1975,3604,4274,67,60.12569999694824,9,2,0.189
652,Rome-Lib/graficon58nodi/grafo3463.58,58,140,1,777,949,1866,2005,25,4.809701919555664,2,1,0.094
653,Rome-Lib/graficon68nodi/grafo7828.68,68,149,0,897,1145,2191,2410,34,3.973392963409424,2,1,0.112
654,Rome-Lib/graficon71nodi/grafo4938.71,71,148,0,854,1082,2084,2294,22,3.586643934249878,2,1,0.215
655,Rome-Lib/graficon61nodi/grafo8424.61,61,148,0,986,1208,2342,2536,28,3.58263897895813,2,1,0.116
656,Rome-Lib/graficon63nodi/grafo5212.63,63,146,0,829,970,1945,2056,20,2.866123914718628,2,1,0.095
657,Rome-Lib/graficon43nodi/grafo7334.43,43,146,0,607,714,1467,1470,13,0.9141891002655029,2,1,0.069
658,north/g.24.39.graphml,24,144,9,1158,1660,2962,3917,56,2.246742010116577,2,1,0.161
659,Rome-Lib/graficon82nodi/grafo8144.82,82,146,0,983,1211,2340,2648,26,4.259252071380615,2,1,0.118
660,Rome-Lib/graficon63nodi/grafo9325.63,63,149,0,1268,1626,3043,3426,46,37.68529200553894,2,1,0.264
661,Rome-Lib/graficon72nodi/grafo6528.72,72,141,0,969,1133,2243,2400,18,5.4323060512542725,2,1,0.111
662,Rome-Lib/graficon82nodi/grafo5449.82,82,146,0,983,1211,2340,2648,26,4.241290092468262,2,1,0.117
663,Rome-Lib/graficon75nodi/grafo4669.75,75,142,0,852,1036,2030,2174,16,2.1093850135803223,2,1,0.1
664,Rome-Lib/graficon52nodi/grafo6386.52,52,142,1,1144,1504,2790,3240,43,26.769694089889526,2,1,0.142
665,Rome-Lib/graficon81nodi/grafo7951.81,81,143,0,1364,1722,3229,3758,44,60.34534692764282,9,6,0.276
666,Rome-Lib/graficon53nodi/grafo4803.53,53,143,0,778,922,1843,1922,17,2.4158029556274414,2,1,0.091
667,Rome-Lib/graficon63nodi/grafo9292.63,63,140,0,1192,1614,2946,3458,55,60.29586982727051,9,30,0.153
668,Rome-Lib/graficon79nodi/grafo4429.79,79,143,0,1259,1697,3099,3668,35,10.733810901641846,2,1,0.162
669,north/g.57.6.graphml,57,141,0,320,378,839,850,0,0.04285478591918945,2,1,0.04
670,Rome-Lib/graficon56nodi/grafo3584.56,56,141,0,906,1142,2189,2358,31,5.856357097625732,2,1,0.109
671,Rome-Lib/graficon67nodi/grafo9712.67,67,140,0,768,945,1853,2042,14,5.389156103134155,2,1,0.092
672,Rome-Lib/graficon53nodi/grafo4486.53,53,147,0,829,980,1956,2036,18,2.97575306892395,2,1,0.195
673,Rome-Lib/graficon65nodi/grafo5599.65,65,145,0,917,1164,2226,2460,30,5.4276509284973145,2,1,0.109
674,Rome-Lib/graficon72nodi/grafo9618.72,72,142,0,734,888,1764,1930,14,1.0706579685211182,2,1,0.087
675,Rome-Lib/graficon64nodi/grafo9269.64,64,147,0,1131,1548,2826,3476,58,60.15377497673035,9,7,0.146
676,Rome-Lib/graficon77nodi/grafo4837.77,77,146,1,1386,1923,3455,4122,65,60.277539014816284,9,20,0.176
677,Rome-Lib/graficon75nodi/grafo8084.75,75,146,0,879,1030,2055,2170,12,2.5288519859313965,2,1,0.221
678,Rome-Lib/graficon65nodi/grafo9304.65,65,144,0,1197,1630,2971,3494,45,19.672148942947388,2,1,0.155
679,Rome-Lib/graficon72nodi/grafo4757.72,72,142,0,1093,1398,2633,2990,35,60.208184003829956,9,69,0.132
680,Rome-Lib/graficon69nodi/grafo8390.69,69,141,0,1201,1654,2996,3532,45,2.6033051013946533,2,1,0.154
681,Rome-Lib/graficon61nodi/grafo8407.61,61,143,0,553,628,1324,1292,8,1.4318478107452393,2,1,0.061
682,Rome-Lib/graficon53nodi/grafo3973.53,53,148,0,896,1011,2055,2078,15,1.9591448307037354,2,1,0.11
683,Rome-Lib/graficon70nodi/grafo9068.70,70,149,1,705,908,1762,1954,21,2.6231529712677,2,1,0.187
684,Rome-Lib/graficon63nodi/grafo9291.63,63,140,0,1192,1614,2946,3458,55,60.15713691711426,9,30,0.15
685,Rome-Lib/graficon75nodi/grafo9188.75,75,140,0,866,1065,2071,2258,18,1.931971788406372,2,1,0.103
686,Rome-Lib/graficon73nodi/grafo8680.73,73,147,0,1072,1363,2582,2912,33,12.942905902862549,2,1,0.133
687,Rome-Lib/graficon64nodi/grafo9159.64,64,149,0,1432,1901,3482,4020,52,22.698806047439575,2,1,0.292
688,Rome-Lib/graficon59nodi/grafo4127.59,59,140,0,721,903,1764,1966,20,1.79022216796875,2,1,0.089
689,Rome-Lib/graficon61nodi/grafo5287.61,61,140,1,1275,1681,3096,3612,46,23.881025075912476,2,1,0.154
690,Rome-Lib/graficon74nodi/grafo9719.74,74,143,2,1400,2061,3604,4808,98,60.097540855407715,9,1,0.206
691,Rome-Lib/graficon83nodi/grafo4144.83,83,146,1,1516,2252,3914,4872,289,60.037684202194214,9,1,0.215
692,Rome-Lib/graficon70nodi/grafo9739.70,70,144,0,619,709,1472,1528,11,1.2205359935760498,2,1,0.188
693,Rome-Lib/graficon71nodi/grafo8336.71,71,144,0,1024,1335,2503,2828,34,7.992429971694946,2,1,0.133
694,Rome-Lib/graficon63nodi/grafo9424.63,63,141,0,1037,1270,2448,2694,33,10.758774042129517,2,1,0.126
695,Rome-Lib/graficon62nodi/grafo4561.62,62,144,0,718,847,1709,1796,13,5.675295114517212,2,1,0.085
696,Rome-Lib/graficon46nodi/grafo6347.46,46,145,0,752,897,1794,1856,22,4.644466876983643,2,1,0.086
697,Rome-Lib/graficon75nodi/grafo5859.75,75,146,0,1183,1484,2813,3182,49,60.35214591026306,9,14,0.145
698,Rome-Lib/graficon60nodi/grafo3465.60,60,141,0,914,1126,2181,2402,28,40.296863079071045,2,58,0.218
699,Rome-Lib/graficon65nodi/grafo9573.65,65,144,0,617,633,1394,1300,3,0.6168479919433594,2,1,0.063
700,Rome-Lib/graficon74nodi/grafo5959.74,74,151,0,1119,1348,2618,2940,25,23.496830940246582,2,7,0.132
701,Rome-Lib/graficon35nodi/grafo5934.35,35,158,0,718,786,1662,1576,7,0.9166519641876221,2,1,0.077
702,Rome-Lib/graficon75nodi/grafo5434.75,75,159,0,1206,1440,2805,3080,25,60.29130482673645,9,44,0.142
703,Rome-Lib/graficon71nodi/grafo9066.71,71,155,0,1220,1555,2930,3238,40,40.19400906562805,2,1,0.15
704,Rome-Lib/graficon61nodi/grafo4308.61,61,156,0,975,1143,2274,2360,19,2.080977201461792,2,1,0.212
705,Rome-Lib/graficon69nodi/grafo8213.69,69,153,0,971,1197,2321,2522,22,7.529376029968262,2,1,0.115
706,Rome-Lib/graficon61nodi/grafo8395.61,61,154,0,1021,1308,2483,2760,31,30.01228404045105,2,14,0.126
707,Rome-Lib/graficon69nodi/grafo6527.69,69,159,0,1246,1644,3049,3438,55,39.56748390197754,2,1,0.157
708,north/g.56.9.graphml,56,151,1,758,774,1683,1664,4,0.14204096794128418,2,1,0.079
709,Rome-Lib/graficon63nodi/grafo4793.63,63,151,0,1201,1414,2766,2942,25,1.5059199333190918,2,1,0.137
710,Rome-Lib/graficon78nodi/grafo4948.78,78,154,0,1130,1450,2734,3110,34,17.529948949813843,2,1,0.24
711,Rome-Lib/graficon75nodi/grafo4802.75,75,150,0,855,1059,2064,2310,13,1.8513829708099365,2,1,0.105
712,Rome-Lib/graficon69nodi/grafo9399.69,69,159,0,1293,1678,3130,3562,67,60.036638021469116,9,1,0.162
713,Rome-Lib/graficon57nodi/grafo4089.57,57,156,0,983,1170,2309,2468,16,4.028198957443237,2,1,0.115
714,Rome-Lib/graficon56nodi/grafo7508.56,56,155,0,1040,1293,2488,2726,31,17.796029090881348,2,1,0.123
715,Rome-Lib/graficon68nodi/grafo4474.68,68,154,0,1772,2430,4356,5186,93,60.03120708465576,9,1,0.325
716,Rome-Lib/graficon76nodi/grafo6078.76,76,155,0,1568,2024,3747,4586,71,60.15538811683655,9,3,0.199
717,Rome-Lib/graficon76nodi/grafo9767.76,76,151,1,1564,2052,3767,4413,57,60.03943705558777,9,1,0.232
718,Rome-Lib/graficon71nodi/grafo1476.71,71,154,0,1289,1618,3061,3498,34,23.07899808883667,2,1,0.333
719,Rome-Lib/graficon61nodi/grafo9818.61,61,155,1,1267,1698,3120,3602,59,48.11739993095398,2,1,0.184
720,Rome-Lib/graficon83nodi/grafo9608.83,83,155,0,732,846,1733,1834,14,1.109395980834961,2,1,0.086
721,Rome-Lib/graficon69nodi/grafo9183.69,69,154,0,865,993,2012,2072,11,2.042504072189331,2,1,0.111
722,Rome-Lib/graficon49nodi/grafo3526.49,49,151,0,992,1231,2374,2544,33,12.20403003692627,2,1,0.115
723,Rome-Lib/graficon75nodi/grafo4355.75,75,154,1,1102,1442,2698,3192,24,3.289858102798462,2,1,0.142
724,Rome-Lib/graficon64nodi/grafo9402.64,64,155,0,1361,1773,3289,3760,36,11.171581029891968,2,1,0.272
725,Rome-Lib/graficon53nodi/grafo3190.53,53,155,0,1375,1837,3367,3854,57,46.9326810836792,2,1,0.169
726,Rome-Lib/graficon76nodi/grafo4962.76,76,154,0,1379,1891,3424,4040,85,60.07664608955383,9,1,0.177
727,Rome-Lib/graficon70nodi/grafo4450.70,70,156,0,742,916,1814,1874,15,2.2375760078430176,2,1,0.086
728,Rome-Lib/graficon87nodi/grafo8383.87,87,158,0,1500,2058,3716,4436,62,60.26434397697449,9,4,0.29
729,Rome-Lib/graficon78nodi/grafo9551.78,78,152,0,1306,1467,2925,3182,18,4.284956932067871,2,1,0.147
730,Rome-Lib/graficon67nodi/grafo9481.67,67,151,0,1225,1501,2877,3222,31,11.327429056167603,2,1,0.147
731,north/g.55.32.graphml,55,157,3,1158,1283,2598,2718,23,43.6011848449707,2,115,0.13
732,Rome-Lib/graficon63nodi/grafo5019.63,63,152,0,778,879,1809,1826,16,4.853516101837158,2,1,0.088
733,Rome-Lib/graficon57nodi/grafo6423.57,57,154,1,879,1048,2081,2204,20,5.03612494468689,2,1,0.102
734,Rome-Lib/graficon56nodi/grafo7695.56,56,154,0,986,1198,2338,2538,34,35.673489809036255,2,69,0.209
735,Rome-Lib/graficon80nodi/grafo5558.80,80,156,0,1578,2053,3787,4360,49,7.940453052520752,2,1,0.192
736,Rome-Lib/graficon61nodi/grafo4128.61,61,151,0,1118,1411,2680,2974,27,11.551222085952759,2,1,0.132
737,Rome-Lib/graficon93nodi/grafo11090.93,93,155,0,1060,1297,2512,2776,22,4.781566858291626,2,1,0.124
738,Rome-Lib/graficon66nodi/grafo9679.66,66,157,0,1402,1851,3410,3952,52,60.12931299209595,9,3,0.273
739,Rome-Lib/graficon76nodi/grafo8436.76,76,157,0,1202,1616,2975,3474,49,60.25231218338013,9,37,0.149
740,Rome-Lib/graficon51nodi/grafo3443.51,51,157,0,852,1034,2043,2124,25,3.060265064239502,2,1,0.1
741,Rome-Lib/graficon63nodi/grafo4681.63,63,158,0,1020,1187,2365,2490,15,2.5088868141174316,2,1,0.113
742,Rome-Lib/graficon59nodi/grafo4445.59,59,157,1,894,1106,2157,2317,29,4.649380922317505,2,1,0.104
743,Rome-Lib/graficon61nodi/grafo7988.61,61,151,0,1293,1679,3123,3582,50,19.569591999053955,2,1,0.264
744,Rome-Lib/graficon70nodi/grafo9065.70,70,155,0,1088,1301,2544,2768,24,10.790208101272583,2,1,0.127
745,Rome-Lib/graficon72nodi/grafo9160.72,72,157,0,1560,2114,3831,4654,56,30.10344099998474,2,1,0.199
746,Rome-Lib/graficon79nodi/grafo5080.79,79,154,0,1257,1684,3095,3626,39,2.6514949798583984,2,1,0.164
747,Rome-Lib/graficon75nodi/grafo5169.75,75,154,0,1124,1396,2674,3024,35,22.286070108413696,2,1,0.132
748,Rome-Lib/graficon39nodi/grafo2969.39,39,152,0,896,1017,2065,2082,19,2.4301230907440186,2,1,0.189
749,Rome-Lib/graficon84nodi/grafo8019.84,84,158,0,1215,1532,2905,3354,22,2.872046947479248,2,1,0.143
750,Rome-Lib/graficon91nodi/grafo8154.91,91,169,0,1496,1762,3427,3736,24,60.29528784751892,9,41,0.166
751,Rome-Lib/graficon67nodi/grafo5631.67,67,167,0,1104,1285,2556,2728,17,4.937421083450317,2,1,0.122
752,Rome-Lib/graficon82nodi/grafo6226.82,82,168,0,1584,2083,3835,4434,55,45.347322940826416,2,1,0.303
753,Rome-Lib/graficon80nodi/grafo9744.80,80,164,0,1557,2091,3812,4412,94,60.01314187049866,9,1,0.215
754,Rome-Lib/graficon68nodi/grafo1364.68,68,167,0,1032,1176,2375,2388,21,4.1105968952178955,2,1,0.113
755,Rome-Lib/graficon81nodi/grafo9254.81,81,169,1,1263,1611,3043,3488,35,11.065907001495361,2,1,0.157
756,Rome-Lib/graficon79nodi/grafo4845.79,79,169,0,1008,1225,2402,2594,22,4.777184009552002,2,1,0.131
757,Rome-Lib/graficon78nodi/grafo4926.78,78,166,0,1365,1761,3292,3764,47,31.963003873825073,2,1,0.267
758,Rome-Lib/graficon81nodi/grafo7782.81,81,166,0,1276,1566,3008,3380,45,60.33710193634033,9,28,0.155
759,Rome-Lib/graficon87nodi/grafo8487.87,87,166,0,1627,2046,3839,4374,45,60.209704875946045,9,13,0.195
760,Rome-Lib/graficon82nodi/grafo9840.82,82,163,0,1589,2120,3872,4560,50,28.026865005493164,2,1,0.304
761,Rome-Lib/graficon80nodi/grafo8089.80,80,167,0,1377,1803,3347,3816,44,30.804421186447144,2,1,0.177
762,Rome-Lib/graficon40nodi/grafo7680.40,40,166,0,824,905,1895,1842,12,0.7562990188598633,2,1,0.099
763,north/g.73.8.graphml,73,167,9,1484,1580,3231,3650,34,2.169816017150879,2,1,0.164
764,Rome-Lib/graficon62nodi/grafo4566.62,62,162,0,1027,1280,2469,2676,32,8.16029691696167,2,1,0.124
765,Rome-Lib/graficon85nodi/grafo8615.85,85,167,0,1355,1662,3184,3498,44,60.10802698135376,9,2,0.275
766,Rome-Lib/graficon82nodi/grafo6849.82,82,164,0,1285,1646,3095,3504,40,60.232340812683105,9,56,0.193
767,Rome-Lib/graficon70nodi/grafo8052.70,70,169,1,797,923,1889,1931,15,3.2657718658447266,2,1,0.09
768,Rome-Lib/graficon79nodi/grafo9381.79,79,161,0,1183,1566,2910,3328,55,60.340226888656616,9,4,0.149
769,Rome-Lib/graficon83nodi/grafo6468.83,83,165,0,1325,1765,3255,3696,68,60.24038910865784,9,4,0.168
770,Rome-Lib/graficon64nodi/grafo9384.64,64,160,0,1351,1657,3168,3456,47,60.47225594520569,9,15,0.259
771,Rome-Lib/graficon73nodi/grafo4589.73,73,165,0,1290,1636,3091,3498,33,58.64935111999512,2,39,0.156
772,Rome-Lib/graficon69nodi/grafo5310.69,69,160,0,1244,1521,2925,3276,48,60.12313199043274,9,11,0.145
773,Rome-Lib/graficon64nodi/grafo5062.64,64,164,1,735,859,1758,1827,11,0.8598711490631104,2,1,0.085
774,Rome-Lib/graficon70nodi/grafo8356.70,70,166,1,1754,2450,4370,5231,321,60.029419898986816,9,1,0.335
775,Rome-Lib/graficon61nodi/grafo4251.61,61,160,0,1228,1629,3017,3538,45,20.832340955734253,2,1,0.158
776,Rome-Lib/graficon85nodi/grafo9603.85,85,163,0,1380,1792,3335,3730,60,60.13244581222534,9,1,0.17
777,Rome-Lib/graficon78nodi/grafo6090.78,78,167,0,1207,1382,2756,2990,11,3.1964590549468994,2,1,0.135
778,Rome-Lib/graficon71nodi/grafo1497.71,71,163,0,1492,1902,3557,4080,49,60.132712841033936,9,9,0.184
779,Rome-Lib/graficon76nodi/grafo5725.76,76,160,0,1225,1598,2983,3552,33,11.246663808822632,2,1,0.272
780,Rome-Lib/graficon64nodi/grafo9504.64,64,166,0,1296,1615,3077,3394,33,12.191375017166138,2,1,0.156
781,Rome-Lib/graficon56nodi/grafo4847.56,56,163,0,1185,1563,2911,3266,32,8.789471864700317,2,1,0.148
782,Rome-Lib/graficon67nodi/grafo7863.67,67,163,0,1680,2053,3896,4340,42,19.324912071228027,2,1,0.196
783,Rome-Lib/graficon77nodi/grafo4347.77,77,165,0,1180,1513,2858,3232,40,17.88014793395996,2,1,0.247
784,Rome-Lib/graficon72nodi/grafo5108.72,72,163,0,1215,1357,2735,2820,17,7.625609874725342,2,1,0.134
785,Rome-Lib/graficon77nodi/grafo4260.77,77,160,0,1167,1447,2774,3040,26,13.215603828430176,2,1,0.137
786,Rome-Lib/graficon73nodi/grafo9351.73,73,168,0,1012,1145,2325,2366,19,5.875407934188843,2,1,0.111
787,Rome-Lib/graficon57nodi/grafo7294.57,57,164,0,905,1007,2076,2088,14,2.606724977493286,2,1,0.098
788,Rome-Lib/graficon75nodi/grafo9147.75,75,160,0,1495,1975,3630,4206,69,60.025699853897095,9,1,0.294
789,Rome-Lib/graficon78nodi/grafo8258.78,78,165,1,1259,1685,3109,3622,68,60.16870999336243,9,1,0.16
790,Rome-Lib/graficon65nodi/grafo1189.65,65,161,0,944,1061,2166,2216,14,3.442793846130371,2,1,0.107
791,Rome-Lib/graficon67nodi/grafo9149.67,67,160,1,1352,1662,3174,3550,50,60.2116060256958,9,11,0.16
792,Rome-Lib/graficon65nodi/grafo8305.65,65,161,0,954,1148,2263,2458,26,7.884795904159546,2,1,0.218
793,Rome-Lib/graficon87nodi/grafo8435.87,87,166,0,1086,1309,2561,2766,22,10.801510095596313,2,1,0.125
794,Rome-Lib/graficon64nodi/grafo4480.64,64,168,0,1292,1567,3027,3278,34,18.48531985282898,2,1,0.148
795,Rome-Lib/graficon64nodi/grafo9090.64,64,162,0,1267,1571,3000,3288,34,8.374650955200195,2,1,0.147
796,Rome-Lib/graficon62nodi/grafo5754.62,62,168,0,1522,1900,3590,4030,38,7.166333913803101,2,1,0.181
797,Rome-Lib/graficon61nodi/grafo4892.61,61,161,0,936,1067,2164,2216,14,0.8494210243225098,2,1,0.208
798,Rome-Lib/graficon77nodi/grafo8249.77,77,169,1,1454,2049,3672,4326,172,60.08632183074951,9,1,0.19
799,Rome-Lib/graficon61nodi/grafo8136.61,61,162,0,1258,1628,3048,3396,43,11.229140043258667,2,1,0.153
800,Rome-Lib/graficon78nodi/grafo5836.78,78,177,0,1370,1614,3161,3436,16,6.052842855453491,2,1,0.155
801,Rome-Lib/graficon63nodi/grafo5017.63,63,174,0,1433,1804,3411,3794,74,60.03330397605896,9,1,0.271
802,Rome-Lib/graficon74nodi/grafo8289.74,74,170,1,934,1208,2312,2588,29,20.988059997558594,2,1,0.118
803,Rome-Lib/graficon72nodi/grafo4284.72,72,175,0,1096,1404,2675,2908,37,17.905696153640747,2,1,0.134
804,Rome-Lib/graficon75nodi/grafo5594.75,75,174,0,1568,1789,3531,3710,30,30.973947048187256,2,1,0.176
805,Rome-Lib/graficon78nodi/grafo9010.78,78,172,0,1087,1328,2587,2798,26,6.069104909896851,2,1,0.128
806,Rome-Lib/graficon67nodi/grafo9220.67,67,171,0,1699,2339,4209,5000,82,60.134336948394775,9,1,0.32
807,Rome-Lib/graficon76nodi/grafo4379.76,76,170,0,1192,1494,2856,3180,35,15.606502056121826,2,1,0.147
808,Rome-Lib/graficon63nodi/grafo9058.63,63,171,0,1114,1288,2573,2700,22,9.188257932662964,2,1,0.127
809,Rome-Lib/graficon83nodi/grafo8430.83,83,172,1,1683,2369,4224,5056,131,60.020445108413696,9,1,0.345
810,Rome-Lib/graficon77nodi/grafo4158.77,77,177,1,1527,2103,3807,4632,75,60.08720803260803,9,1,0.203
811,Rome-Lib/graficon67nodi/grafo9083.67,67,177,0,968,1107,2252,2322,16,4.691570997238159,2,1,0.107
812,Rome-Lib/graficon68nodi/grafo9640.68,68,172,0,1316,1580,3068,3310,24,2.9123520851135254,2,1,0.148
813,Rome-Lib/graficon81nodi/grafo4976.81,81,177,0,1447,1717,3341,3572,29,11.324537992477417,2,1,0.163
814,north/g.33.8.graphml,33,176,75,0,0,0,0,0,inf,9,0,0,INCORRECT STATUS
815,Rome-Lib/graficon98nodi/grafo8806.98,98,179,0,1424,1746,3349,3726,33,23.539999961853027,2,1,0.277
816,Rome-Lib/graficon66nodi/grafo9386.66,66,173,0,987,1117,2277,2338,13,2.0386409759521484,2,1,0.11
817,Rome-Lib/graficon71nodi/grafo4885.71,71,171,0,1734,2349,4254,5006,88,60.02862000465393,9,1,0.223
818,north/g.20.46.graphml,20,177,0,1527,2036,3740,4386,109,60.03170394897461,9,1,0.19
819,Rome-Lib/graficon63nodi/grafo4920.63,63,172,1,1042,1243,2457,2600,22,5.852284908294678,2,1,0.236
820,Rome-Lib/graficon95nodi/grafo10761.95,95,173,0,1433,1759,3365,3676,40,39.01337003707886,2,1,0.166
821,Rome-Lib/graficon92nodi/grafo10376.92,92,173,0,1734,2459,4366,5390,75,60.0270459651947,9,1,0.234
822,Rome-Lib/graficon75nodi/grafo8099.75,75,172,0,1336,1672,3180,3510,39,25.16632604598999,2,1,0.16
823,Rome-Lib/graficon84nodi/grafo8323.84,84,173,0,1689,2024,3886,4262,48,60.17489004135132,9,5,0.305
824,Rome-Lib/graficon65nodi/grafo9224.65,65,176,1,1532,2071,3779,4456,64,51.51688289642334,2,1,0.199
825,Rome-Lib/graficon77nodi/grafo7775.77,77,174,0,1722,2237,4133,4746,62,60.54172396659851,9,1,0.208
826,Rome-Lib/graficon77nodi/grafo6667.77,77,170,0,1802,2399,4371,5120,347,60.291290044784546,9,1,0.343
827,Rome-Lib/graficon87nodi/grafo8835.87,87,177,0,1893,2478,4548,5246,437,60.05933403968811,9,1,0.235
828,Rome-Lib/graficon81nodi/grafo6711.81,81,175,0,1032,1226,2433,2572,25,48.692198038101196,2,41,0.132
829,Rome-Lib/graficon86nodi/grafo9617.86,86,174,0,1335,1616,3125,3354,69,60.17780590057373,9,4,0.182
830,Rome-Lib/graficon68nodi/grafo8070.68,68,175,0,1394,1838,3407,3910,52,25.07383418083191,2,1,0.269
831,Rome-Lib/graficon60nodi/grafo5728.60,60,173,0,1353,1671,3197,3524,43,20.4945068359375,2,1,0.16
832,Rome-Lib/graficon45nodi/grafo7118.45,45,174,0,1096,1287,2557,2652,21,1.8077349662780762,2,1,0.125
833,Rome-Lib/graficon90nodi/grafo8186.90,90,174,0,1563,1998,3735,4242,52,30.90318989753723,2,1,0.192
834,Rome-Lib/graficon82nodi/grafo6743.82,82,178,0,1536,1870,3584,3936,44,40.925776958465576,2,1,0.281
835,Rome-Lib/graficon78nodi/grafo4324.78,78,175,1,1002,1333,2510,2891,29,1.6621711254119873,2,1,0.13
836,Rome-Lib/graficon78nodi/grafo7834.78,78,179,1,1259,1566,3004,3299,46,60.21377682685852,9,18,0.152
837,Rome-Lib/graficon84nodi/grafo8604.84,84,173,0,1744,2460,4377,5304,71,56.0863471031189,2,1,0.229
838,Rome-Lib/graficon74nodi/grafo9574.74,74,173,0,1572,2149,3894,4574,94,60.02534079551697,9,1,0.3
839,Rome-Lib/graficon65nodi/grafo4711.65,65,173,0,1209,1449,2831,3030,34,13.554345846176147,2,1,0.14
840,Rome-Lib/graficon76nodi/grafo7982.76,76,170,0,1271,1569,3010,3266,40,25.016618013381958,2,1,0.149
841,north/g.70.1.graphml,70,173,11,1955,2765,4893,6425,77,7.576632022857666,2,1,0.356
842,Rome-Lib/graficon98nodi/grafo10718.98,98,173,1,1159,1451,2783,3108,39,60.16536784172058,9,13,0.152
843,Rome-Lib/graficon55nodi/grafo3740.55,55,171,0,784,891,1846,1842,18,2.467663049697876,2,1,0.089
844,Rome-Lib/graficon84nodi/grafo8092.84,84,178,1,1495,1887,3560,4054,52,60.01716589927673,9,1,0.183
845,Rome-Lib/graficon61nodi/grafo3376.61,61,172,0,1190,1489,2851,3162,38,6.991990089416504,2,1,0.141
846,Rome-Lib/graficon64nodi/grafo4182.64,64,178,1,1502,1891,3571,4038,31,20.328391075134277,2,1,0.287
847,Rome-Lib/graficon76nodi/grafo5293.76,76,179,0,2066,2722,4967,5850,480,60.11314010620117,9,1,0.257
848,Rome-Lib/graficon82nodi/grafo4544.82,82,171,0,1150,1424,2745,2998,37,5.811439037322998,2,1,0.136
849,Rome-Lib/graficon78nodi/grafo9478.78,78,175,0,1092,1323,2590,2774,23,4.88833212852478,2,1,0.126
850,Rome-Lib/graficon87nodi/grafo8743.87,87,186,1,1720,2386,4292,5122,59,60.257205963134766,9,1,0.317
851,Rome-Lib/graficon79nodi/grafo8129.79,79,189,0,1607,2066,3862,4328,207,60.009665966033936,9,1,0.195
852,Rome-Lib/graficon91nodi/grafo8910.91,91,185,0,1811,2586,4582,5534,310,60.03911018371582,9,1,0.246
853,Rome-Lib/graficon82nodi/grafo4636.82,82,189,1,1665,2215,4069,4695,76,60.030462980270386,9,1,0.29
854,Rome-Lib/graficon73nodi/grafo9341.73,73,189,0,1392,1741,3322,3762,38,13.847348928451538,2,1,0.199
855,Rome-Lib/graficon79nodi/grafo9256.79,79,181,0,1580,1822,3583,3774,37,60.215338945388794,9,28,0.172
856,Rome-Lib/graficon88nodi/grafo8873.88,88,188,1,1257,1455,2900,3105,18,9.123253107070923,2,1,0.137
857,Rome-Lib/graficon82nodi/grafo7928.82,82,182,0,1421,1797,3400,3780,47,60.17034602165222,9,4,0.26
858,Rome-Lib/graficon83nodi/grafo4936.83,83,189,0,1445,1867,3501,3906,42,29.804223775863647,2,1,0.181
859,Rome-Lib/graficon76nodi/grafo8282.76,76,188,1,1274,1620,3082,3480,40,22.442461013793945,2,1,0.157
860,Rome-Lib/graficon76nodi/grafo4743.76,76,184,1,1596,2127,3907,4539,99,60.01907300949097,9,1,0.233
861,Rome-Lib/graficon84nodi/grafo9730.84,84,185,0,2105,2839,5129,6122,110,60.029319047927856,9,1,0.366
862,Rome-Lib/graficon76nodi/grafo4168.76,76,180,0,1387,1681,3248,3536,32,13.196511030197144,2,1,0.158
863,Rome-Lib/graficon73nodi/grafo5196.73,73,183,0,1441,1655,3279,3460,25,37.63403797149658,2,54,0.161
864,Rome-Lib/graficon71nodi/grafo9204.71,71,189,0,1693,2270,4152,4742,74,60.02801513671875,9,1,0.298
865,Rome-Lib/graficon63nodi/grafo9014.63,63,180,0,1492,1804,3476,3728,31,25.471036195755005,2,1,0.174
866,Rome-Lib/graficon63nodi/grafo4495.63,63,182,0,1501,1961,3644,4174,48,37.37763500213623,2,1,0.187
867,Rome-Lib/graficon77nodi/grafo7920.77,77,189,0,1135,1319,2643,2778,18,2.508744955062866,2,1,0.123
868,Rome-Lib/graficon97nodi/grafo8970.97,97,189,0,2181,2840,5210,6106,391,60.101754903793335,9,1,0.356
869,Rome-Lib/graficon90nodi/grafo8745.90,90,184,0,1953,2771,4908,6018,481,60.16292405128479,9,1,0.25
870,Rome-Lib/graficon70nodi/grafo8322.70,70,185,1,1386,1820,3391,3938,56,60.12437295913696,9,5,0.175
871,Rome-Lib/graficon70nodi/grafo9300.70,70,180,0,1221,1509,2910,3146,30,11.612672090530396,2,1,0.265
872,Rome-Lib/graficon84nodi/grafo9701.84,84,187,0,1301,1494,2982,3084,31,60.23296594619751,9,22,0.147
873,Rome-Lib/graficon95nodi/grafo10481.95,95,185,0,1110,1355,2650,2846,35,11.915889024734497,2,1,0.127
874,Rome-Lib/graficon74nodi/grafo9737.74,74,185,0,991,1227,2403,2628,22,3.955211877822876,2,1,0.119
875,Rome-Lib/graficon67nodi/grafo1553.67,67,188,0,870,987,2045,2022,13,2.470463991165161,2,1,0.098
876,Rome-Lib/graficon55nodi/grafo3541.55,55,182,0,1646,2107,3935,4322,46,14.636193037033081,2,1,0.304
877,Rome-Lib/graficon74nodi/grafo8592.74,74,183,0,1774,2167,4124,4498,46,23.631278038024902,2,1,0.21
878,Rome-Lib/graficon78nodi/grafo7969.78,78,185,0,1413,1718,3316,3760,33,60.15226483345032,9,39,0.2
879,Rome-Lib/graficon73nodi/grafo9591.73,73,188,1,1798,2408,4394,5070,71,60.11810803413391,9,1,0.336
880,north/g.32.20.graphml,32,189,1,1143,1317,2649,2672,19,3.6091439723968506,2,1,0.128
881,Rome-Lib/graficon60nodi/grafo4562.60,60,181,0,1114,1307,2602,2710,25,8.204450845718384,2,1,0.133
882,Rome-Lib/graficon80nodi/grafo8075.80,80,186,0,1774,2314,4274,5048,57,60.60988712310791,9,1,0.256
883,Rome-Lib/graficon71nodi/grafo5929.71,71,183,1,1842,2324,4349,4972,78,60.123539209365845,9,4,0.352
884,Rome-Lib/graficon78nodi/grafo7962.78,78,180,1,1639,2276,4095,4861,348,60.13095998764038,9,1,0.213
885,Rome-Lib/graficon77nodi/grafo6646.77,77,187,0,1492,1827,3506,3842,38,22.94166898727417,2,1,0.174
886,Rome-Lib/graficon92nodi/grafo11367.92,92,185,0,1251,1641,3077,3460,34,3.1531870365142822,2,1,0.232
887,Rome-Lib/graficon91nodi/grafo8831.91,91,187,0,1457,1815,3459,3806,36,34.129302978515625,2,1,0.167
888,Rome-Lib/graficon82nodi/grafo8288.82,82,180,0,1107,1316,2603,2794,22,15.373926162719727,2,1,0.153
889,Rome-Lib/graficon92nodi/grafo11406.92,92,181,0,1598,2118,3897,4430,50,43.25856304168701,2,1,0.218
890,Rome-Lib/graficon81nodi/grafo9196.81,81,189,1,1980,2882,5051,6198,115,60.00260806083679,9,1,0.361
891,Rome-Lib/graficon55nodi/grafo4002.55,55,189,0,1470,1794,3453,3738,27,3.5435221195220947,2,1,0.166
892,Rome-Lib/graficon79nodi/grafo9395.79,79,181,0,1366,1602,3149,3300,28,13.521851062774658,2,1,0.149
893,Rome-Lib/graficon77nodi/grafo4983.77,77,186,0,1541,1916,3643,4160,33,18.037508010864258,2,1,0.18
894,Rome-Lib/graficon94nodi/grafo11175.94,94,185,0,1007,1215,2407,2574,19,2.5282089710235596,2,1,0.21
895,Rome-Lib/graficon76nodi/grafo8324.76,76,189,0,1923,2605,4717,5634,459,60.114773988723755,9,1,0.248
896,Rome-Lib/graficon91nodi/grafo3063.91,91,183,0,1100,1196,2479,2484,11,3.1905291080474854,2,1,0.114
897,Rome-Lib/graficon92nodi/grafo11192.92,92,182,0,1431,1800,3413,3778,44,31.479552030563354,2,1,0.166
898,Rome-Lib/graficon60nodi/grafo5053.60,60,184,0,1455,1760,3399,3616,42,33.982561111450195,2,1,0.257
899,Rome-Lib/graficon74nodi/grafo1197.74,74,184,0,1403,1730,3317,3656,45,36.85110402107239,2,1,0.162
900,Rome-Lib/graficon73nodi/grafo8482.73,73,198,0,1301,1595,3094,3382,19,6.81822395324707,2,1,0.149
901,Rome-Lib/graficon90nodi/grafo8937.90,90,190,0,1630,2142,3962,4460,48,41.31231904029846,2,1,0.202
902,Rome-Lib/graficon80nodi/grafo4568.80,80,198,0,2141,2779,5118,5834,337,60.0638210773468,9,1,0.337
903,Rome-Lib/graficon77nodi/grafo4721.77,77,197,0,1233,1408,2838,2948,21,3.7571640014648438,2,1,0.133
904,Rome-Lib/graficon91nodi/grafo8480.91,91,191,0,1351,1640,3182,3446,41,60.17497682571411,9,31,0.152
905,Rome-Lib/graficon84nodi/grafo8637.84,84,197,0,2775,3644,6616,7618,672,60.061859130859375,9,1,0.451
906,Rome-Lib/graficon86nodi/grafo9409.86,86,197,0,1696,2130,4023,4542,47,52.03138303756714,2,1,0.204
907,Rome-Lib/graficon99nodi/grafo10384.99,99,192,1,1967,2400,4559,5064,52,60.0090069770813,9,1,0.231
908,Rome-Lib/graficon82nodi/grafo9133.82,82,195,0,1575,1893,3663,4022,15,3.9533631801605225,2,1,0.291
909,Rome-Lib/graficon96nodi/grafo8757.96,96,198,1,1670,2013,3881,4256,32,18.024744033813477,2,1,0.192
910,Rome-Lib/graficon65nodi/grafo9329.65,65,192,0,1192,1485,2869,3172,35,5.864812135696411,2,1,0.151
911,Rome-Lib/graficon94nodi/grafo10304.94,94,193,1,1209,1424,2826,2979,19,6.314929962158203,2,1,0.15
912,Rome-Lib/graficon81nodi/grafo7925.81,81,198,0,2343,3294,5835,7084,142,60.27833008766174,9,1,0.411
913,Rome-Lib/graficon99nodi/grafo10726.99,99,196,1,1914,2665,4775,5685,594,60.20838785171509,9,1,0.243
914,Rome-Lib/graficon70nodi/grafo8063.70,70,195,1,1877,2434,4506,5146,57,60.01633381843567,9,1,0.34
915,Rome-Lib/graficon79nodi/grafo9694.79,79,199,0,1577,1939,3715,4030,40,11.192381858825684,2,1,0.181
916,Rome-Lib/graficon95nodi/grafo10934.95,95,197,2,1760,2411,4368,5168,480,60.045405864715576,9,1,0.225
917,Rome-Lib/graficon77nodi/grafo5413.77,77,194,0,2069,2459,4722,5092,45,60.385498046875,9,1,0.229
918,Rome-Lib/graficon74nodi/grafo4303.74,74,195,0,1199,1410,2804,2918,22,7.532618999481201,2,1,0.222
919,Rome-Lib/graficon75nodi/grafo9545.75,75,199,0,1384,1518,3101,3154,17,22.389758110046387,2,1,0.145
920,Rome-Lib/graficon74nodi/grafo4834.74,74,199,0,1227,1386,2812,2836,20,17.685577154159546,2,1,0.135
921,Rome-Lib/graficon42nodi/grafo3883.42,42,194,0,1148,1298,2640,2678,14,3.480756998062134,2,1,0.124
922,Rome-Lib/graficon74nodi/grafo5176.74,74,197,1,1548,1968,3713,4189,37,8.312795877456665,2,1,0.286
923,Rome-Lib/graficon90nodi/grafo8968.90,90,192,1,1040,1280,2512,2674,21,7.110564947128296,2,1,0.123
924,Rome-Lib/graficon76nodi/grafo4477.76,76,198,0,1452,1762,3412,3644,36,18.0098659992218,2,1,0.163
925,Rome-Lib/graficon40nodi/grafo6763.40,40,192,0,1157,1286,2635,2624,13,2.906489133834839,2,1,0.121
926,Rome-Lib/graficon87nodi/grafo8834.87,87,197,0,1693,2055,3945,4268,81,60.015097856521606,9,1,0.193
927,Rome-Lib/graficon96nodi/grafo10350.96,96,196,0,1873,2380,4449,5040,315,60.11233997344971,9,1,0.348
928,Rome-Lib/graficon62nodi/grafo9588.62,62,194,1,2031,2710,4935,5710,319,60.034533977508545,9,1,0.253
929,Rome-Lib/graficon92nodi/grafo11027.92,92,198,0,1649,2119,3966,4484,44,30.80689787864685,2,1,0.314
930,Rome-Lib/graficon79nodi/grafo8066.79,79,190,0,1708,2055,3953,4248,36,31.086575984954834,2,1,0.193
931,Rome-Lib/graficon78nodi/grafo8252.78,78,194,0,1480,1889,3563,4068,32,16.56222891807556,2,1,0.182
932,Rome-Lib/graficon76nodi/grafo8526.76,76,197,0,1539,1849,3585,3842,39,60.226659059524536,9,14,0.178
933,Rome-Lib/graficon80nodi/grafo4865.80,80,199,0,1919,2546,4664,5358,306,60.11860394477844,9,1,0.338
934,Rome-Lib/graficon89nodi/grafo8859.89,89,191,0,1018,1159,2368,2462,13,2.2562739849090576,2,1,0.126
935,Rome-Lib/graficon66nodi/grafo9214.66,66,194,1,1224,1537,2955,3230,31,13.188448905944824,2,1,0.165
936,Rome-Lib/graficon80nodi/grafo4517.80,80,191,1,2211,2816,5218,5975,103,60.155218839645386,9,1,0.27
937,Rome-Lib/graficon84nodi/grafo8612.84,84,195,0,1954,2563,4712,5496,281,60.02592182159424,9,1,0.406
938,Rome-Lib/graficon68nodi/grafo9518.68,68,199,0,1332,1526,3057,3152,27,23.56175398826599,2,1,0.145
939,Rome-Lib/graficon50nodi/grafo7057.50,50,197,0,1401,1631,3229,3310,33,19.402801036834717,2,1,0.154
940,Rome-Lib/graficon81nodi/grafo8425.81,81,192,0,1270,1679,3141,3612,48,60.0334370136261,9,1,0.377
941,Rome-Lib/graficon77nodi/grafo8146.77,77,199,0,1463,1760,3422,3676,43,40.37391495704651,2,1,0.17
942,Rome-Lib/graficon86nodi/grafo9585.86,86,193,0,2106,2828,5127,5976,364,60.02260494232178,9,1,0.276
943,Rome-Lib/graficon95nodi/grafo9850.95,95,195,0,1751,2341,4287,4952,60,55.44836902618408,2,1,0.219
944,Rome-Lib/graficon100nodi/grafo10372.100,100,190,0,1381,1768,3339,3760,45,40.4039511680603,2,1,0.313
945,Rome-Lib/graficon63nodi/grafo4891.63,63,195,0,1278,1515,2988,3212,16,7.014865875244141,2,1,0.143
946,Rome-Lib/graficon61nodi/grafo4741.61,61,199,0,1138,1332,2669,2746,26,12.295498132705688,2,1,0.142
947,Rome-Lib/graficon75nodi/grafo9161.75,75,194,1,2078,2775,5047,5873,99,60.01703405380249,9,1,0.412
948,Rome-Lib/graficon73nodi/grafo8985.73,73,198,0,1775,2162,4135,4632,34,16.683105945587158,2,1,0.203
949,Rome-Lib/graficon78nodi/grafo6761.78,78,193,0,1751,2183,4127,4618,65,60.06975293159485,9,1,0.205
950,Rome-Lib/graficon69nodi/grafo5054.69,69,206,0,1610,2019,3835,4228,31,15.075552940368652,2,1,0.191
951,Rome-Lib/graficon94nodi/grafo10932.94,94,200,0,1893,2427,4520,5044,88,60.037529945373535,9,1,0.317
952,Rome-Lib/graficon63nodi/grafo9477.63,63,203,0,1221,1460,2884,3092,26,11.977904081344604,2,1,0.139
953,Rome-Lib/graficon99nodi/grafo11146.99,99,202,0,1939,2521,4662,5328,82,60.05276417732239,9,1,0.238
954,Rome-Lib/graficon97nodi/grafo3808.97,97,200,0,2298,2991,5489,6394,65,61.11782693862915,9,1,0.375
955,Rome-Lib/graficon62nodi/grafo3733.62,62,204,0,1742,2113,4059,4344,44,37.15177297592163,2,1,0.197
956,Rome-Lib/graficon65nodi/grafo9170.65,65,207,0,2080,2549,4836,5316,225,60.03547501564026,9,1,0.242
957,Rome-Lib/graficon91nodi/grafo11521.91,91,209,0,1699,1978,3886,4138,25,18.567895889282227,2,1,0.278
958,Rome-Lib/graficon91nodi/grafo8824.91,91,209,0,1659,2093,3961,4356,107,60.01873803138733,9,1,0.195
959,Rome-Lib/graficon84nodi/grafo9777.84,84,201,0,1410,1600,3211,3334,30,20.94185209274292,2,1,0.151
960,Rome-Lib/graficon92nodi/grafo11404.92,92,201,0,1763,2282,4246,4776,263,60.09318399429321,9,1,0.305
961,Rome-Lib/graficon71nodi/grafo8210.71,71,207,0,1379,1599,3185,3260,34,13.611652135848999,2,1,0.153
962,Rome-Lib/graficon87nodi/grafo8012.87,87,204,1,2077,2755,5036,5814,124,60.29731893539429,9,1,0.262
963,Rome-Lib/graficon79nodi/grafo9114.79,79,200,0,2138,2708,5046,5714,45,49.170350074768066,2,1,0.339
964,Rome-Lib/graficon76nodi/grafo8200.76,76,208,0,1441,1719,3368,3580,36,22.720146894454956,2,1,0.165
965,Rome-Lib/graficon100nodi/grafo10937.100,100,203,0,2425,3275,5903,6932,405,60.05188202857971,9,1,0.307
966,Rome-Lib/graficon72nodi/grafo9800.72,72,203,0,1586,1866,3655,3934,37,26.992944955825806,2,1,0.175
967,Rome-Lib/graficon99nodi/grafo10172.99,99,206,0,2358,3010,5574,6346,382,60.16849994659424,9,1,0.367
968,Rome-Lib/graficon77nodi/grafo7847.77,77,204,0,2108,2799,5111,5828,463,60.030362129211426,9,1,0.253
969,Rome-Lib/graficon76nodi/grafo8460.76,76,203,0,2125,2616,4944,5458,339,60.0302369594574,9,1,0.333
970,Rome-Lib/graficon77nodi/grafo4471.77,77,205,0,1608,2000,3813,4220,35,22.452903985977173,2,1,0.188
971,Rome-Lib/graficon83nodi/grafo9094.83,83,203,0,1875,2284,4362,4734,41,26.325045824050903,2,1,0.218
972,Rome-Lib/graficon85nodi/grafo9238.85,85,202,0,1343,1524,3069,3190,25,25.55629801750183,2,1,0.154
973,Rome-Lib/graficon82nodi/grafo8133.82,82,200,0,1353,1621,3174,3370,28,13.758837938308716,2,1,0.26
974,Rome-Lib/graficon92nodi/grafo10287.92,92,203,0,1391,1629,3223,3410,25,6.654735088348389,2,1,0.162
975,Rome-Lib/graficon74nodi/grafo8630.74,74,208,0,2089,2477,4774,5244,53,60.120529890060425,9,4,0.244
976,Rome-Lib/graficon83nodi/grafo9680.83,83,204,0,1578,1927,3709,4066,29,24.30592703819275,2,1,0.305
977,Rome-Lib/graficon86nodi/grafo8311.86,86,206,1,1969,2681,4856,5886,154,60.06862282752991,9,1,0.254
978,Rome-Lib/graficon88nodi/grafo8844.88,88,209,0,1838,2226,4273,4552,69,60.051856994628906,9,1,0.21
979,Rome-Lib/graficon84nodi/grafo8619.84,84,201,0,1704,2200,4105,4606,136,60.01969289779663,9,1,0.349
980,Rome-Lib/graficon97nodi/grafo9962.97,97,207,0,1870,2245,4322,4742,61,60.168529987335205,9,13,0.216
981,Rome-Lib/graficon98nodi/grafo10885.98,98,205,0,1671,2022,3898,4198,83,60.16271901130676,9,9,0.195
982,Rome-Lib/graficon91nodi/grafo8580.91,91,201,0,1431,1592,3224,3296,20,12.148437023162842,2,1,0.156
983,Rome-Lib/graficon80nodi/grafo8982.80,80,204,0,1333,1571,3108,3278,32,13.701751947402954,2,1,0.253
984,Rome-Lib/graficon81nodi/grafo9174.81,81,202,0,1521,1742,3465,3584,26,28.157490015029907,2,1,0.169
985,Rome-Lib/graficon62nodi/grafo4553.62,62,207,0,1387,1661,3255,3450,33,33.603342056274414,2,1,0.191
986,Rome-Lib/graficon72nodi/grafo4236.72,72,207,0,1530,1919,3656,3998,50,60.125283002853394,9,2,0.177
987,Rome-Lib/graficon81nodi/grafo8420.81,81,208,0,1546,1855,3609,3844,46,37.62061905860901,2,1,0.277
988,Rome-Lib/graficon84nodi/grafo9745.84,84,204,0,1741,2180,4125,4586,164,60.02790307998657,9,1,0.21
989,Rome-Lib/graficon91nodi/grafo10311.91,91,204,0,1577,1948,3729,4098,38,29.932059049606323,2,1,0.185
990,Rome-Lib/graficon98nodi/grafo10039.98,98,209,0,1590,2040,3839,4196,50,51.6009202003479,2,1,0.291
991,Rome-Lib/graficon96nodi/grafo10723.96,96,205,0,1362,1534,3101,3242,18,7.537522792816162,2,1,0.151
992,Rome-Lib/graficon75nodi/grafo8458.75,75,203,0,1689,1987,3879,4184,33,12.761315107345581,2,1,0.192
993,Rome-Lib/graficon61nodi/grafo4612.61,61,206,0,1335,1673,3214,3488,37,27.682337999343872,2,1,0.16
994,Rome-Lib/graficon72nodi/grafo6836.72,72,201,0,1560,1811,3572,3752,33,9.221462965011597,2,1,0.283
995,Rome-Lib/graficon73nodi/grafo8344.73,73,206,0,1452,1748,3406,3652,36,18.749510049819946,2,1,0.17
996,Rome-Lib/graficon78nodi/grafo4916.78,78,208,0,2181,2928,5317,6146,163,60.03721904754639,9,1,0.279
997,Rome-Lib/graficon54nodi/grafo7618.54,54,204,0,1880,2298,4382,4748,38,36.073405027389526,2,56,0.324
998,Rome-Lib/graficon65nodi/grafo9138.65,65,200,0,1667,2248,4115,4670,268,60.017576932907104,9,1,0.228
999,Rome-Lib/graficon70nodi/grafo2065.70,70,201,0,1608,1887,3696,3920,52,60.148359060287476,9,3,0.182
1000,Rome-Lib/graficon82nodi/grafo8313.82,82,218,0,1816,2187,4221,4576,37,57.19599485397339,2,1,0.404
1001,Rome-Lib/graficon69nodi/grafo9232.69,69,217,1,1801,2355,4373,5162,65,23.463499069213867,2,1,0.231
1002,Rome-Lib/graficon98nodi/grafo10315.98,98,214,1,2066,2752,5032,6024,522,60.0265429019928,9,1,0.254
1003,Rome-Lib/graficon83nodi/grafo916.83,83,219,0,1870,2212,4301,4510,41,38.622255086898804,2,1,0.33
1004,Rome-Lib/graficon87nodi/grafo8763.87,87,211,1,1647,2095,3953,4451,47,37.285977840423584,2,1,0.223
1005,Rome-Lib/graficon79nodi/grafo4978.79,79,213,1,1252,1464,2929,3050,22,7.28001594543457,2,1,0.142
1006,Rome-Lib/graficon84nodi/grafo7914.84,84,219,0,1991,2508,4718,5296,265,60.1057710647583,9,1,0.238
1007,Rome-Lib/graficon93nodi/grafo11268.93,93,219,0,1242,1415,2876,2938,22,15.997978925704956,2,1,0.238
1008,Rome-Lib/graficon94nodi/grafo10392.94,94,213,0,2513,3251,5977,6892,471,60.048502922058105,9,1,0.303
1009,Rome-Lib/graficon92nodi/grafo10879.92,92,210,0,2139,2701,5050,5656,401,60.03970718383789,9,1,0.254
1010,Rome-Lib/graficon98nodi/grafo10411.98,98,211,0,1894,2407,4512,5048,51,35.98167395591736,2,1,0.352
1011,Rome-Lib/graficon90nodi/grafo8799.90,90,212,0,1362,1623,3197,3376,26,12.805292844772339,2,1,0.154
1012,Rome-Lib/graficon79nodi/grafo9267.79,79,212,0,1652,2055,3919,4362,51,60.052724838256836,9,1,0.199
1013,Rome-Lib/graficon76nodi/grafo6041.76,76,210,0,1448,1724,3382,3660,26,13.341457843780518,2,1,0.261
1014,Rome-Lib/graficon92nodi/grafo11115.92,92,214,0,0,0,0,0,0,inf,9,0,0,INCORRECT STATUS
1015,Rome-Lib/graficon97nodi/grafo10356.97,97,216,0,1682,2207,4105,4674,60,61.1206841468811,9,1,0.208
1016,Rome-Lib/graficon74nodi/grafo4858.74,74,210,0,1855,2342,4407,4850,58,48.436376094818115,2,1,0.304
1017,Rome-Lib/graficon70nodi/grafo7992.70,70,213,0,1421,1736,3370,3660,39,24.978852033615112,2,1,0.203
1018,Rome-Lib/graficon74nodi/grafo8250.74,74,210,0,1770,2274,4254,4768,51,22.46518111228943,2,1,0.242
1019,Rome-Lib/graficon75nodi/grafo8426.75,75,213,0,1747,2079,4039,4366,36,60.067185163497925,9,1,0.286
1020,Rome-Lib/graficon75nodi/grafo4292.75,75,216,0,1964,2388,4568,4880,167,60.02086400985718,9,1,0.226
1021,Rome-Lib/graficon99nodi/grafo11062.99,99,210,0,1892,2273,4375,4758,33,37.54498910903931,2,1,0.218
1022,Rome-Lib/graficon89nodi/grafo8899.89,89,216,1,1826,2152,4194,4428,46,60.02065896987915,9,1,0.303
1023,Rome-Lib/graficon90nodi/grafo9303.90,90,215,0,2289,2748,5252,5764,32,21.809694051742554,2,1,0.265
1024,Rome-Lib/graficon78nodi/grafo4531.78,78,210,0,1932,2397,4539,4964,62,60.03154921531677,9,1,0.228
1025,Rome-Lib/graficon96nodi/grafo11066.96,96,211,0,2101,2726,5038,5860,353,60.04074215888977,9,1,0.388
1026,Rome-Lib/graficon92nodi/grafo11420.92,92,216,0,2393,3150,5759,6650,602,60.072072982788086,9,1,0.321
1027,Rome-Lib/graficon81nodi/grafo8472.81,81,219,0,1583,2055,3857,4412,87,60.01248598098755,9,1,0.372
1028,Rome-Lib/graficon84nodi/grafo9406.84,84,217,0,1616,2144,3977,4510,226,60.00737500190735,9,1,0.202
1029,Rome-Lib/graficon74nodi/grafo8173.74,74,214,0,2222,2902,5338,6034,152,60.028141021728516,9,1,0.283
1030,Rome-Lib/graficon89nodi/grafo8926.89,89,211,0,2316,2946,5473,6148,61,60.0533709526062,9,1,0.376
1031,Rome-Lib/graficon95nodi/grafo10891.95,95,217,0,1854,2199,4270,4544,28,14.530694007873535,2,1,0.211
1032,Rome-Lib/graficon82nodi/grafo332.82,82,215,0,1488,1796,3499,3732,35,26.268629789352417,2,1,0.172
1033,Rome-Lib/graficon88nodi/grafo7910.88,88,219,0,2250,2885,5354,6108,617,60.24549198150635,9,1,0.479
1034,Rome-Lib/graficon93nodi/grafo7796.93,93,213,0,2334,2947,5494,6244,419,60.321091175079346,9,1,0.272
1035,Rome-Lib/graficon99nodi/grafo10178.99,99,217,0,2248,2766,5231,5780,254,60.08672380447388,9,1,0.254
1036,Rome-Lib/graficon85nodi/grafo8614.85,85,210,0,2209,2834,5253,5960,356,60.05706286430359,9,1,0.377
1037,Rome-Lib/graficon74nodi/grafo5391.74,74,211,0,1971,2331,4513,4888,282,60.04390788078308,9,1,0.222
1038,Rome-Lib/graficon88nodi/grafo8927.88,88,217,1,2881,3739,6837,7971,735,60.03873085975647,9,1,0.349
1039,Rome-Lib/graficon76nodi/grafo8163.76,76,217,1,2024,2472,4713,5187,46,47.66431283950806,2,1,0.231
1040,Rome-Lib/graficon97nodi/grafo10881.97,97,211,0,0,0,0,0,0,inf,9,0,0,INCORRECT STATUS
1041,Rome-Lib/graficon99nodi/grafo8991.99,99,219,0,2031,2690,4940,5694,200,60.02395796775818,9,1,0.371
1042,Rome-Lib/graficon92nodi/grafo10763.92,92,210,0,2159,2873,5242,6138,90,60.19596791267395,9,1,0.268
1043,Rome-Lib/graficon70nodi/grafo7510.70,70,212,1,1673,2069,3954,4360,46,60.077789068222046,9,1,0.197
1044,Rome-Lib/graficon91nodi/grafo9949.91,91,214,0,2098,2607,4919,5450,403,60.01232886314392,9,1,0.348
1045,Rome-Lib/graficon57nodi/grafo7763.57,57,210,0,1278,1539,3027,3192,36,4.201756954193115,2,1,0.146
1046,Rome-Lib/graficon100nodi/grafo10550.100,100,218,0,1446,1727,3391,3596,37,20.631265878677368,2,1,0.163
1047,Rome-Lib/graficon92nodi/grafo10765.92,92,210,1,1296,1570,3076,3284,25,10.210484981536865,2,1,0.241
1048,Rome-Lib/graficon68nodi/grafo4479.68,68,217,0,1782,2020,4019,4128,24,9.327369928359985,2,1,0.191
1049,Rome-Lib/graficon62nodi/grafo9380.62,62,218,0,1962,2454,4634,5058,55,49.885459184646606,2,1,0.229
1050,Rome-Lib/graficon97nodi/grafo11052.97,97,225,0,2235,2885,5345,6022,279,60.033299922943115,9,1,0.387
1051,Rome-Lib/graficon92nodi/grafo8257.92,92,220,0,2111,2668,4999,5656,84,60.031301975250244,9,1,0.252
1052,Rome-Lib/graficon82nodi/grafo9115.82,82,222,0,1846,2320,4388,4816,98,60.03423595428467,9,1,0.328
1053,Rome-Lib/graficon87nodi/grafo9606.87,87,222,0,1872,2255,4349,4690,83,60.22108697891235,9,1,0.215
1054,Rome-Lib/graficon95nodi/grafo10097.95,95,229,0,1947,2251,4427,4774,23,44.36936902999878,2,1,0.219
1055,Rome-Lib/graficon64nodi/grafo4712.64,64,224,1,1507,1688,3419,3474,24,8.561402797698975,2,1,0.163
1056,Rome-Lib/graficon74nodi/grafo7174.74,74,226,0,1882,2187,4295,4512,41,40.77438402175903,2,1,0.314
1057,Rome-Lib/graficon98nodi/grafo11177.98,98,229,1,2139,2668,5036,5572,290,60.02090811729431,9,1,0.255
1058,Rome-Lib/graficon75nodi/grafo9105.75,75,227,0,1620,1996,3843,4168,46,60.101811170578,9,1,0.192
1059,Rome-Lib/graficon68nodi/grafo9720.68,68,227,0,1956,2223,4406,4522,26,17.811187028884888,2,1,0.318
1060,Rome-Lib/graficon74nodi/grafo6099.74,74,227,1,1796,2038,4061,4282,28,21.903417825698853,2,1,0.199
1061,Rome-Lib/graficon71nodi/grafo5513.71,71,229,0,1915,2267,4411,4776,36,25.110915184020996,2,1,0.22
1062,Rome-Lib/graficon99nodi/grafo11118.99,99,228,0,1681,1981,3890,4186,41,60.1504909992218,9,4,0.298
1063,Rome-Lib/graficon96nodi/grafo10393.96,96,221,1,2561,3507,6289,7460,174,60.04056406021118,9,1,0.325
1064,Rome-Lib/graficon98nodi/grafo10199.98,98,226,0,1739,2116,4081,4454,30,60.2455050945282,9,22,0.204
1065,Rome-Lib/graficon92nodi/grafo3909.92,92,228,0,1736,2116,4080,4400,48,43.32813906669617,2,1,0.304
1066,Rome-Lib/graficon94nodi/grafo11042.94,94,228,0,2387,3094,5709,6424,491,60.04554891586304,9,1,0.292
1067,Rome-Lib/graficon91nodi/grafo9887.91,91,221,0,2135,2834,5190,5968,85,60.030943870544434,9,1,0.267
1068,Rome-Lib/graficon76nodi/grafo8366.76,76,228,0,1719,2064,4011,4240,43,60.199289083480835,9,10,0.299
1069,Rome-Lib/graficon59nodi/grafo4315.59,59,229,0,1521,1721,3471,3480,26,12.296710968017578,2,1,0.164
1070,north/g.29.9.graphml,29,222,1,7045,10396,17663,23102,2007,60.276854038238525,9,1,1.076
1071,Rome-Lib/graficon97nodi/grafo10050.97,97,224,0,2263,2947,5434,6248,406,60.043936014175415,9,1,0.421
1072,Rome-Lib/graficon99nodi/grafo11153.99,99,220,3,1856,2324,4400,4850,48,50.10764408111572,2,1,0.233
1073,Rome-Lib/graficon79nodi/grafo9691.79,79,228,2,2642,3589,6459,7623,687,60.15635395050049,9,1,0.34
1074,Rome-Lib/graficon97nodi/grafo10268.97,97,225,0,2821,3672,6718,7716,189,60.04739499092102,9,1,0.455
1075,Rome-Lib/graficon95nodi/grafo10098.95,95,228,1,2556,3376,6160,7180,145,60.03878211975098,9,1,0.321
1076,Rome-Lib/graficon98nodi/grafo10370.98,98,220,0,1918,2355,4493,4834,208,60.028834104537964,9,1,0.329
1077,Rome-Lib/graficon74nodi/grafo8498.74,74,229,0,1816,2167,4212,4406,50,60.37401509284973,9,1,0.209
1078,Rome-Lib/graficon86nodi/grafo9422.86,86,226,0,2646,3386,6258,6996,197,60.03576993942261,9,1,0.428
1079,Rome-Lib/graficon69nodi/grafo7273.69,69,220,0,1717,2000,3937,4100,30,30.647907972335815,2,1,0.196
1080,Rome-Lib/graficon78nodi/grafo4196.78,78,220,0,1717,2107,4044,4344,43,42.821638107299805,2,1,0.203
1081,Rome-Lib/graficon81nodi/grafo8157.81,81,227,0,1901,2383,4511,5010,85,60.05168700218201,9,1,0.234
1082,Rome-Lib/graficon78nodi/grafo4129.78,78,220,0,1299,1646,3165,3510,46,22.877336025238037,2,1,0.265
1083,Rome-Lib/graficon78nodi/grafo4767.78,78,225,0,1826,2187,4238,4540,80,60.0185329914093,9,1,0.21
1084,Rome-Lib/graficon99nodi/grafo10289.99,99,222,0,2000,2319,4541,4832,42,52.59206700325012,2,1,0.225
1085,Rome-Lib/graficon81nodi/grafo9599.81,81,221,0,1869,2202,4292,4540,43,60.08506202697754,9,5,0.318
1086,Rome-Lib/graficon66nodi/grafo9714.66,66,220,0,1637,1845,3702,3764,22,13.401943922042847,2,1,0.18
1087,Rome-Lib/graficon77nodi/grafo9755.77,77,221,0,1816,2325,4362,4928,73,60.03545594215393,9,1,0.222
1088,Rome-Lib/graficon91nodi/grafo9959.91,91,222,0,1641,1892,3755,3934,29,30.000208139419556,2,1,0.291
1089,Rome-Lib/graficon93nodi/grafo10554.93,93,228,0,1729,1994,3951,4214,19,6.529195070266724,2,1,0.194
1090,Rome-Lib/graficon98nodi/grafo10546.98,98,228,0,2219,2706,5153,5646,52,55.34712195396423,2,1,0.26
1091,Rome-Lib/graficon86nodi/grafo9338.86,86,220,0,2082,2490,4792,5206,45,44.211369037628174,2,1,0.341
1092,Rome-Lib/graficon85nodi/grafo9784.85,85,223,0,2879,3654,6756,7674,165,60.04141688346863,9,1,0.351
1093,Rome-Lib/graficon74nodi/grafo7595.74,74,220,0,1453,1661,3334,3428,23,7.640776872634888,2,1,0.163
1094,Rome-Lib/graficon53nodi/grafo7183.53,53,227,0,1459,1691,3377,3450,30,17.313866138458252,2,1,0.27
1095,Rome-Lib/graficon92nodi/grafo8845.92,92,227,0,1771,2015,4013,4138,33,60.14015603065491,9,13,0.195
1096,Rome-Lib/graficon91nodi/grafo8753.91,91,222,0,2463,3172,5857,6688,1112,60.03636598587036,9,1,0.3
1097,Rome-Lib/graficon94nodi/grafo8038.94,94,222,0,2237,2674,5133,5572,274,60.06151580810547,9,1,0.359
1098,Rome-Lib/graficon94nodi/grafo10332.94,94,224,0,2809,3567,6600,7412,166,60.05112600326538,9,1,0.339
1099,Rome-Lib/graficon62nodi/grafo5058.62,62,227,0,1937,2303,4467,4766,54,60.03125715255737,9,1,0.22
1100,Rome-Lib/graficon98nodi/grafo10682.98,98,234,2,1960,2446,4640,5161,123,60.0185489654541,9,1,0.338
1101,Rome-Lib/graficon94nodi/grafo8759.94,94,237,0,1863,2282,4382,4670,108,60.08664608001709,9,1,0.222
1102,Rome-Lib/graficon72nodi/grafo4587.72,72,236,0,1447,1662,3345,3374,26,15.085777997970581,2,1,0.161
1103,Rome-Lib/graficon87nodi/grafo8689.87,87,230,0,2984,3933,7147,8202,850,60.048917055130005,9,1,0.468
1104,Rome-Lib/graficon86nodi/grafo8090.86,86,238,0,2305,2997,5540,6432,114,60.19367694854736,9,1,0.288
1105,Rome-Lib/graficon83nodi/grafo4348.83,83,230,0,2666,3543,6439,7452,201,60.042970180511475,9,1,0.442
1106,Rome-Lib/graficon74nodi/grafo5377.74,74,232,0,2209,2840,5281,5972,264,60.1150848865509,9,1,0.268
1107,Rome-Lib/graficon79nodi/grafo9687.79,79,230,0,2428,3112,5770,6576,264,60.23389792442322,9,1,0.403
1108,Rome-Lib/graficon89nodi/grafo9611.89,89,234,0,2623,3628,6485,7584,808,60.055213928222656,9,1,0.336
1109,Rome-Lib/graficon93nodi/grafo10181.93,93,237,0,3009,3936,7182,8276,605,60.035813093185425,9,1,0.48
1110,Rome-Lib/graficon81nodi/grafo9759.81,81,235,0,2305,2899,5439,6076,178,60.30721592903137,9,1,0.276
1111,Rome-Lib/graficon91nodi/grafo10158.91,91,236,1,1952,2405,4593,4976,45,12.721330165863037,2,1,0.229
1112,Rome-Lib/graficon80nodi/grafo4545.80,80,233,0,2542,3118,5893,6500,110,60.271060943603516,9,1,0.403
1113,Rome-Lib/graficon92nodi/grafo8963.92,92,233,2,3291,4773,8297,10004,1568,60.08577299118042,9,1,0.452
1114,Rome-Lib/graficon88nodi/grafo8822.88,88,232,0,2424,3027,5683,6306,179,60.26076912879944,9,1,0.397
1115,Rome-Lib/graficon95nodi/grafo11424.95,95,234,0,2518,3242,5994,6806,264,60.05092406272888,9,1,0.309
1116,Rome-Lib/graficon95nodi/grafo7587.95,95,236,0,2059,2568,4863,5384,360,60.04255819320679,9,1,0.347
1117,Rome-Lib/graficon91nodi/grafo8333.91,91,230,0,1584,1945,3759,4082,53,60.00805401802063,9,1,0.189
1118,Rome-Lib/graficon87nodi/grafo9663.87,87,237,0,2250,2784,5271,5748,374,60.04443120956421,9,1,0.269
1119,Rome-Lib/graficon95nodi/grafo10980.95,95,231,0,2132,2541,4904,5278,81,60.03284406661987,9,1,0.352
1120,Rome-Lib/graficon92nodi/grafo11419.92,92,238,0,2329,2953,5520,6110,396,60.297882080078125,9,1,0.28
1121,Rome-Lib/graficon89nodi/grafo8925.89,89,231,0,2446,3058,5735,6430,257,60.06454086303711,9,1,0.294
1122,Rome-Lib/graficon76nodi/grafo8367.76,76,238,1,1715,1999,3952,4126,37,60.469350814819336,9,33,0.305
1123,Rome-Lib/graficon70nodi/grafo9035.70,70,233,0,2054,2485,4772,5170,60,60.17497706413269,9,1,0.245
1124,Rome-Lib/graficon95nodi/grafo10882.95,95,230,0,2629,3412,6271,7138,495,60.04735994338989,9,1,0.336
1125,Rome-Lib/graficon85nodi/grafo8783.85,85,239,0,2185,2622,5046,5612,76,60.14439296722412,9,1,0.375
1126,Rome-Lib/graficon96nodi/grafo10197.96,96,231,0,2302,3113,5646,6604,161,60.039777994155884,9,1,0.307
1127,Rome-Lib/graficon94nodi/grafo10452.94,94,234,0,3284,4493,8011,9280,968,60.05225110054016,9,1,0.536
1128,Rome-Lib/graficon80nodi/grafo8538.80,80,235,1,2586,3228,6049,6804,410,60.02944588661194,9,1,0.317
1129,Rome-Lib/graficon96nodi/grafo10552.96,96,236,0,3496,4924,8656,10440,1302,60.12233805656433,9,1,0.586
1130,Rome-Lib/graficon82nodi/grafo8065.82,82,237,0,2338,3001,5576,6280,322,60.289469957351685,9,1,0.294
1131,Rome-Lib/graficon94nodi/grafo11229.94,94,235,1,2675,3380,6290,7170,386,60.0536630153656,9,1,0.444
1132,Rome-Lib/graficon81nodi/grafo9231.81,81,235,0,2687,3373,6295,7068,665,60.047736167907715,9,1,0.336
1133,Rome-Lib/graficon91nodi/grafo10500.91,91,235,0,1756,2205,4196,4716,42,39.445603132247925,2,1,0.318
1134,Rome-Lib/graficon93nodi/grafo9622.93,93,232,0,1905,2380,4517,4960,169,60.01148509979248,9,1,0.23
1135,Rome-Lib/graficon84nodi/grafo8629.84,84,233,0,2202,2619,5054,5450,304,60.072096824645996,9,1,0.256
1136,Rome-Lib/graficon98nodi/grafo10557.98,98,237,0,2315,2889,5441,6114,291,60.00746393203735,9,1,0.389
1137,Rome-Lib/graficon76nodi/grafo6958.76,76,232,0,1985,2451,4668,5114,46,30.11564588546753,2,1,0.238
1138,Rome-Lib/graficon77nodi/grafo7844.77,77,232,0,1798,2099,4129,4296,34,31.305095911026,2,1,0.205
1139,Rome-Lib/graficon96nodi/grafo10227.96,96,231,1,2438,3080,5749,6518,134,60.036588191986084,9,1,0.404
1140,Rome-Lib/graficon99nodi/grafo4091.99,99,233,0,3137,3993,7363,8484,165,60.041523933410645,9,1,0.385
1141,Rome-Lib/graficon96nodi/grafo10017.96,96,239,1,2473,3281,5993,6903,406,60.01462984085083,9,1,0.419
1142,Rome-Lib/graficon97nodi/grafo10836.97,97,239,1,2623,3658,6520,7743,208,60.1460599899292,9,1,0.353
1143,Rome-Lib/graficon79nodi/grafo9520.79,79,233,0,2203,2694,5130,5610,120,60.122700929641724,9,1,0.368
1144,Rome-Lib/graficon94nodi/grafo10485.94,94,232,0,2746,3415,6393,7158,353,60.04453492164612,9,1,0.329
1145,Rome-Lib/graficon83nodi/grafo7818.83,83,232,0,2515,3173,5920,6528,292,60.287930965423584,9,1,0.302
1146,Rome-Lib/graficon92nodi/grafo8646.92,92,231,1,2840,3752,6823,7905,230,60.02836298942566,9,1,0.464
1147,Rome-Lib/graficon91nodi/grafo11599.91,91,230,0,2165,2658,5053,5606,50,55.26332116127014,2,1,0.253
1148,Rome-Lib/graficon100nodi/grafo11613.100,100,231,1,1785,2201,4217,4622,37,26.532210111618042,2,1,0.331
1149,Rome-Lib/graficon73nodi/grafo7959.73,73,230,0,1583,1781,3594,3694,28,60.2309730052948,9,20,0.178
